solver_id,model,solve_number,solve_time_s,predicted,residual
2010THOM03,power_law,1.0,25.93,33.06620084522675,-7.136200845226753
2010THOM03,power_law,2.0,21.86,27.729846736735958,-5.869846736735958
2010THOM03,power_law,3.0,22.77,25.12588370976182,-2.3558837097618195
2010THOM03,power_law,4.0,28.18,23.477173122662673,4.702826877337326
2010THOM03,power_law,5.0,20.0,22.301122521710873,-2.301122521710873
2010THOM03,power_law,6.0,27.25,21.40201007469036,5.847989925309641
2010THOM03,power_law,7.0,22.63,20.68260131249219,1.9473986875078104
2010THOM03,power_law,8.0,23.02,20.08811150865559,2.9318884913444094
2010THOM03,power_law,9.0,19.52,19.584883799763997,-0.06488379976399727
2010THOM03,power_law,10.0,21.8,19.15088746808358,2.649112531916419
2010THOM03,power_law,11.0,18.15,18.770983884392745,-0.6209838843927464
2010THOM03,power_law,12.0,22.08,18.434362345913538,3.6456376540864603
2010THOM03,power_law,13.0,24.16,18.13305774033928,6.026942259660721
2010THOM03,power_law,14.0,20.43,17.86104756984472,2.568952430155278
2010THOM03,power_law,15.0,18.03,17.61367771041941,0.4163222895805916
2010THOM03,power_law,16.0,18.53,17.387283825682978,1.142716174317023
2010THOM03,power_law,17.0,19.03,17.178934003473024,1.8510659965269767
2010THOM03,power_law,18.0,16.16,16.986249119970942,-0.8262491199709423
2010THOM03,power_law,19.0,18.94,16.807274541716122,2.132725458283879
2010THOM03,power_law,20.0,22.91,16.640386624563217,6.2696133754367835
2010THOM03,power_law,21.0,17.21,16.484223342085144,0.7257766579148566
2010THOM03,power_law,22.0,15.65,16.337631988456277,-0.6876319884562765
2010THOM03,power_law,23.0,19.27,16.199629184320123,3.070370815679876
2010THOM03,power_law,24.0,17.18,16.069369893116402,1.1106301068835975
2010THOM03,power_law,25.0,11.94,15.946123134428078,-4.006123134428078
2010THOM03,power_law,26.0,14.25,15.82925274199151,-1.5792527419915103
2010THOM03,power_law,27.0,13.13,15.718201968447175,-2.5882019684471747
2010THOM03,power_law,28.0,13.43,15.61248105643541,-2.1824810564354102
2010THOM03,power_law,29.0,15.65,15.511657120850213,0.13834287914978738
2010THOM03,power_law,30.0,14.18,15.415345849005828,-1.235345849005828
2010THOM03,power_law,31.0,16.27,15.323204643404981,0.9467953565950182
2010THOM03,power_law,32.0,14.97,15.23492691869641,-0.2649269186964087
2010THOM03,power_law,33.0,17.56,15.15023732914121,2.4097626708587896
2010THOM03,power_law,34.0,16.03,15.068887751618025,0.9611122483819763
2010THOM03,power_law,35.0,15.77,14.990653886199738,0.779346113800262
2010THOM03,power_law,36.0,14.91,14.915332364692656,-0.005332364692655744
2010THOM03,power_law,37.0,16.0,14.842738279443989,1.1572617205560114
2010THOM03,power_law,38.0,16.3,14.772703061790299,1.5272969382097017
2010THOM03,power_law,39.0,14.66,14.705072652909601,-0.045072652909601274
2010THOM03,power_law,40.0,15.4,14.63970592041721,0.7602940795827902
2010THOM03,power_law,41.0,16.11,14.576473282456032,1.5335267175439675
2010THOM03,power_law,42.0,15.68,14.515255507760955,1.1647444922390449
2010THOM03,power_law,43.0,17.34,14.455942665592197,2.884057334407803
2010THOM03,power_law,44.0,13.96,14.398433203814363,-0.43843320381436257
2010THOM03,power_law,45.0,11.44,14.34263313696297,-2.9026331369629705
2010THOM03,power_law,46.0,14.27,14.28845532905449,-0.018455329054489766
2010THOM03,power_law,47.0,12.34,14.235818858290376,-1.8958188582903759
2010THOM03,power_law,48.0,15.55,14.184648452781314,1.3653515472186868
2010THOM03,power_law,49.0,14.3,14.134873988055602,0.16512601194439824
2010THOM03,power_law,50.0,12.59,14.086430038478571,-1.4964300384785716
2010THOM03,power_law,51.0,12.41,14.039255475848812,-1.6292554758488116
2010THOM03,power_law,52.0,11.4,13.993293109392368,-2.593293109392368
2010THOM03,power_law,53.0,14.24,13.948489362180146,0.2915106378198544
2010THOM03,power_law,54.0,17.02,13.904793979673258,3.1152060203267418
2010THOM03,power_law,55.0,15.25,13.862159766676841,1.3878402333231588
2010THOM03,power_law,56.0,12.5,13.820542349472625,-1.3205423494726247
2010THOM03,power_law,57.0,13.15,13.779899960318225,-0.6298999603182249
2010THOM03,power_law,58.0,13.27,13.740193241858503,-0.4701932418585031
2010THOM03,power_law,59.0,15.28,13.701385069301018,1.578614930698981
2010THOM03,power_law,60.0,12.71,13.663440388471436,-0.9534403884714351
2010THOM03,power_law,61.0,23.86,13.626326068092302,10.233673931907697
2010THOM03,power_law,62.0,14.71,13.590010764825559,1.119989235174442
2010THOM03,power_law,63.0,14.86,13.554464799789827,1.3055352002101728
2010THOM03,power_law,64.0,14.63,13.519660045411861,1.1103399545881398
2010THOM03,power_law,65.0,12.83,13.485569821600862,-0.6555698216008619
2010THOM03,power_law,66.0,11.13,13.452168800347174,-2.322168800347173
2010THOM03,power_law,67.0,16.05,13.419432917945684,2.6305670820543163
2010THOM03,power_law,68.0,16.9,13.38733929413086,3.5126607058691377
2010THOM03,power_law,69.0,13.44,13.35586615748641,0.08413384251358913
2010THOM03,power_law,70.0,14.91,13.324992776559633,1.5850072234403676
2010THOM03,power_law,71.0,13.93,13.294699396169566,0.6353006038304336
2010THOM03,power_law,72.0,12.78,13.264967178450362,-0.4849671784503631
2010THOM03,power_law,73.0,13.41,13.235778148217442,0.17422185178255845
2010THOM03,power_law,74.0,12.69,13.20711514228515,-0.5171151422851512
2010THOM03,power_law,75.0,14.0,13.178961762401002,0.821038237598998
2010THOM03,power_law,76.0,11.8,13.151302331494009,-1.3513023314940078
2010THOM03,power_law,77.0,10.25,13.124121852963592,-2.874121852963592
2010THOM03,power_law,78.0,10.96,13.097405972761308,-2.1374059727613073
2010THOM03,power_law,79.0,13.34,13.071140944040742,0.26885905595925763
2010THOM03,power_law,80.0,11.55,13.045313594171539,-1.495313594171538
2010THOM03,power_law,81.0,12.56,13.019911293932172,-0.459911293932171
2010THOM03,power_law,82.0,14.93,12.994921928712554,1.935078071287446
2010THOM03,power_law,83.0,12.28,12.970333871572691,-0.6903338715726921
2010THOM03,power_law,84.0,12.65,12.946135958016981,-0.2961359580169809
2010THOM03,power_law,85.0,11.55,12.922317462355911,-1.3723174623559107
2010THOM03,power_law,86.0,8.86,12.898868075537923,-4.038868075537923
2010THOM03,power_law,87.0,15.21,12.875777884344082,2.334222115655919
2010THOM03,power_law,88.0,13.47,12.85303735184719,0.6169626481528105
2010THOM03,power_law,89.0,10.58,12.83063729904508,-2.2506372990450796
2010THOM03,power_law,90.0,17.08,12.808568887585256,4.271431112414742
2010THOM03,power_law,91.0,13.21,12.786823603504697,0.4231763964953039
2010THOM03,power_law,92.0,14.5,12.765393241914717,1.7346067580852829
2010THOM03,power_law,93.0,14.19,12.744269892566404,1.4457301074335955
2010THOM03,power_law,94.0,13.84,12.723445926237087,1.116554073762913
2010THOM03,power_law,95.0,14.97,12.702913981882991,2.267086018117009
2010THOM03,power_law,96.0,12.65,12.682666954507386,-0.03266695450738588
2010THOM03,power_law,97.0,16.15,12.662697983697377,3.487302016302621
2010THOM03,power_law,98.0,17.28,12.64300044278605,4.636999557213951
2010THOM03,power_law,99.0,11.93,12.623567928599819,-0.6935679285998191
2010THOM03,power_law,100.0,11.19,12.60439425175387,-1.4143942517538708
2010THOM03,power_law,101.0,14.22,12.585473427461206,1.6345265725387943
2010THOM03,power_law,102.0,9.88,12.566799666823343,-2.686799666823342
2010THOM03,power_law,103.0,15.38,12.548367368572983,2.831632631427018
2010THOM03,power_law,104.0,15.96,12.530171111241044,3.4298288887589568
2010THOM03,power_law,105.0,9.81,12.512205645722428,-2.7022056457224277
2010THOM03,power_law,106.0,13.69,12.49446588821661,1.19553411178339
2010THOM03,power_law,107.0,10.88,12.476946913520845,-1.5969469135208438
2010THOM03,power_law,108.0,14.34,12.45964394865525,1.8803560513447497
2010THOM03,power_law,109.0,11.52,12.442552366800442,-0.9225523668004421
2010THOM03,power_law,110.0,13.44,12.425667681529694,1.0143323184703057
2010THOM03,power_law,111.0,10.3,12.408985541318767,-2.1089855413187664
2010THOM03,power_law,112.0,10.83,12.392501724317702,-1.562501724317702
2010THOM03,power_law,113.0,12.75,12.376212133369812,0.37378786663018815
2010THOM03,power_law,114.0,12.17,12.360112791264175,-0.19011279126417513
2010THOM03,power_law,115.0,12.66,12.344199836208702,0.31580016379129816
2010THOM03,power_law,116.0,16.85,12.328469517511703,4.5215304824882985
2010THOM03,power_law,117.0,13.29,12.312918191460685,0.9770818085393138
2010THOM03,power_law,118.0,11.14,12.297542317387741,-1.1575423173877404
2010THOM03,power_law,119.0,13.28,12.282338453911592,0.9976615460884073
2010THOM03,power_law,120.0,12.36,12.267303255346931,0.09269674465306821
2010THOM03,power_law,121.0,11.39,12.252433468272319,-0.862433468272318
2010THOM03,power_law,122.0,9.83,12.237725928248365,-2.4077259282483645
2010THOM03,power_law,123.0,16.4,12.223177556678435,4.176822443321564
2010THOM03,power_law,124.0,9.36,12.208785357804619,-2.848785357804619
2010THOM03,power_law,125.0,11.25,12.194546415832075,-0.9445464158320753
2010THOM03,power_law,126.0,10.74,12.180457892175284,-1.4404578921752833
2010THOM03,power_law,127.0,12.6,12.16651702282013,0.43348297717986917
2010THOM03,power_law,128.0,9.7,12.152721115796076,-2.452721115796077
2010THOM03,power_law,129.0,12.5,12.13906754875299,0.36093245124700957
2010THOM03,power_law,130.0,13.75,12.125553766637555,1.6244462333624448
2010THOM03,power_law,131.0,13.41,12.112177279464401,1.2978227205355992
2010THOM03,power_law,132.0,13.19,12.098935660177442,1.091064339822557
2010THOM03,power_law,133.0,13.0,12.085826542597086,0.9141734574029137
2010THOM03,power_law,134.0,10.66,12.072847619449277,-1.412847619449277
2010THOM03,power_law,135.0,11.54,12.05999664047249,-0.5199966404724901
2010THOM03,power_law,136.0,15.79,12.047271410599095,3.7427285894009046
2010THOM03,power_law,137.0,11.31,12.034669788207598,-0.7246697882075974
2010THOM03,power_law,138.0,11.55,12.02218968344253,-0.47218968344252943
2010THOM03,power_law,139.0,15.13,12.009829056598873,3.1201709434011278
2010THOM03,power_law,140.0,10.2,11.99758591656813,-1.7975859165681314
2010THOM03,power_law,141.0,12.21,11.985458319343245,0.22454168065675617
2010THOM03,power_law,142.0,12.17,11.973444366579734,0.1965556334202656
2010THOM03,power_law,143.0,13.56,11.96154220421058,1.59845779578942
2010THOM03,power_law,144.0,16.24,11.94975002111245,4.290249978887548
2010THOM03,power_law,145.0,12.56,11.938066047821081,0.6219339521789191
2010THOM03,power_law,146.0,13.84,11.926488555293602,1.9135114447063977
2010THOM03,power_law,147.0,11.73,11.915015853715849,-0.18501585371584817
2010THOM03,power_law,148.0,10.43,11.903646291352697,-1.473646291352697
2010THOM03,power_law,149.0,13.09,11.892378253439595,1.1976217465604044
2010THOM03,power_law,150.0,20.27,11.881210161113552,8.388789838886447
2010THOM03,power_law,151.0,50.07,11.870140470381937,38.19985952961807
2010THOM03,power_law,152.0,10.8,11.859167671127496,-1.0591676711274953
2010THOM03,power_law,153.0,11.92,11.848290286148082,0.07170971385191827
2010THOM03,power_law,154.0,19.26,11.837506870229692,7.422493129770309
2010THOM03,power_law,155.0,11.74,11.826816009251438,-0.08681600925143762
2010THOM03,power_law,156.0,9.83,11.816216319321121,-1.9862163193211213
2010THOM03,power_law,157.0,11.92,11.805706445940242,0.11429355405975805
2010THOM03,power_law,158.0,8.12,11.795285063197188,-3.6752850631971885
2010THOM03,power_law,159.0,15.59,11.784950872987544,3.805049127012456
2010THOM03,power_law,160.0,11.41,11.774702604260394,-0.364702604260394
2010THOM03,power_law,161.0,12.11,11.764539012289635,0.34546098771036426
2010THOM03,power_law,162.0,9.91,11.754458877969284,-1.8444588779692843
2010THOM03,power_law,163.0,11.24,11.744461007131886,-0.5044610071318854
2010THOM03,power_law,164.0,11.22,11.734544229889085,-0.5145442298890845
2010THOM03,power_law,165.0,13.17,11.72470739999357,1.4452926000064306
2010THOM03,power_law,166.0,12.12,11.714949394221483,0.40505060577851637
2010THOM03,power_law,167.0,11.8,11.705269111774623,0.0947308882253779
2010THOM03,power_law,168.0,8.93,11.695665473701617,-2.765665473701617
2010THOM03,power_law,169.0,11.23,11.686137422337373,-0.4561374223373722
2010THOM03,power_law,170.0,11.66,11.676683920760148,-0.016683920760147686
2010THOM03,power_law,171.0,12.33,11.667303952265556,0.6626960477344443
2010THOM03,power_law,172.0,14.15,11.657996519856901,2.492003480143099
2010THOM03,power_law,173.0,11.58,11.648760645751238,-0.06876064575123841
2010THOM03,power_law,174.0,12.91,11.63959537090059,1.27040462909941
2010THOM03,power_law,175.0,11.5,11.630499754527753,-0.13049975452775264
2010THOM03,power_law,176.0,11.86,11.621472873676197,0.23852712632380246
2010THOM03,power_law,177.0,13.31,11.612513822773533,1.6974861772264678
2010THOM03,power_law,178.0,11.93,11.603621713208074,0.3263782867919254
2010THOM03,power_law,179.0,13.24,11.594795672918018,1.6452043270819825
2010THOM03,power_law,180.0,13.42,11.586034845992803,1.8339651540071973
2010THOM03,power_law,181.0,10.17,11.577338392286249,-1.407338392286249
2010THOM03,power_law,182.0,13.97,11.568705487041008,2.4012945129589927
2010THOM03,power_law,183.0,8.66,11.560135320523992,-2.900135320523992
2010THOM03,power_law,184.0,10.3,11.551627097672366,-1.2516270976723654
2010THOM03,power_law,185.0,8.66,11.543180037749758,-2.8831800377497583
2010THOM03,power_law,186.0,9.33,11.534793374012331,-2.204793374012331
2010THOM03,power_law,187.0,14.56,11.526466353384386,3.0335336466156146
2010THOM03,power_law,188.0,11.0,11.518198236143176,-0.5181982361431761
2010THOM03,power_law,189.0,13.0,11.50998829561262,1.4900117043873795
2010THOM03,power_law,190.0,16.85,11.50183581786562,5.348164182134381
2010THOM03,power_law,191.0,8.75,11.493740101434692,-2.7437401014346925
2010THOM03,power_law,192.0,8.98,11.485700457030653,-2.5057004570306525
2010THOM03,power_law,193.0,9.13,11.477716207269065,-2.3477162072690643
2010THOM03,power_law,194.0,11.36,11.469786686404225,-0.10978668640422562
2010THOM03,power_law,195.0,10.6,11.46191124007043,-0.8619112400704303
2010THOM03,power_law,196.0,12.4,11.454089225030279,0.9459107749697218
2010THOM03,power_law,197.0,11.18,11.446320008929797,-0.2663200089297977
2010THOM03,power_law,198.0,8.72,11.438602970060169,-2.718602970060168
2010THOM03,power_law,199.0,10.0,11.430937497125843,-1.4309374971258428
2010THOM03,power_law,200.0,11.35,11.423322989018843,-0.07332298901884293
2010THOM03,power_law,201.0,9.85,11.415758854599064,-1.5657588545990642
2010THOM03,power_law,202.0,10.35,11.408244512480358,-1.0582445124803588
2010THOM03,power_law,203.0,14.21,11.40077939082227,2.8092206091777303
2010THOM03,power_law,204.0,14.0,11.393362927127203,2.606637072872797
2010THOM03,power_law,205.0,9.47,11.385994568042866,-1.9159945680428656
2010THOM03,power_law,206.0,11.12,11.378673769169843,-0.2586737691698442
2010THOM03,power_law,207.0,11.05,11.371399994874118,-0.32139999487411686
2010THOM03,power_law,208.0,8.99,11.364172718104417,-2.3741727181044165
2010THOM03,power_law,209.0,11.59,11.356991420214207,0.2330085797857926
2010THOM03,power_law,210.0,9.9,11.34985559078822,-1.4498555907882196
2010THOM03,power_law,211.0,10.62,11.342764727473366,-0.7227647274733666
2010THOM03,power_law,212.0,10.97,11.33571833581389,-0.3657183358138898
2010THOM03,power_law,213.0,12.29,11.328715929090684,0.9612840709093149
2010THOM03,power_law,214.0,10.45,11.32175702816458,-0.8717570281645806
2010THOM03,power_law,215.0,13.57,11.314841161323544,2.255158838676456
2010THOM03,power_law,216.0,11.09,11.307967864133643,-0.21796786413364266
2010THOM03,power_law,217.0,14.12,11.301136679293677,2.8188633207063223
2010THOM03,power_law,218.0,12.8,11.29434715649337,1.5056528435066312
2010THOM03,power_law,219.0,9.69,11.287598852275014,-1.5975988522750146
2010THOM03,power_law,220.0,9.49,11.28089132989847,-1.7908913298984697
2010THOM03,power_law,221.0,13.95,11.274224159209417,2.675775840790582
2010THOM03,power_law,222.0,10.08,11.267596916510797,-1.1875969165107971
2010THOM03,power_law,223.0,10.85,11.261009184437306,-0.4110091844373063
2010THOM03,power_law,224.0,9.96,11.254460551832878,-1.2944605518328771
2010THOM03,power_law,225.0,11.69,11.2479506136311,0.44204938636890034
2010THOM03,power_law,226.0,10.95,11.241478970738417,-0.29147897073841733
2010THOM03,power_law,227.0,11.85,11.235045229920097,0.614954770079903
2010THOM03,power_law,228.0,11.78,11.228649003688883,0.5513509963111165
2010THOM03,power_law,229.0,13.39,11.222289910196194,2.1677100898038066
2010THOM03,power_law,230.0,10.01,11.215967573125894,-1.2059675731258945
2010THOM03,power_law,231.0,11.69,11.209681621590494,0.4803183784095051
2010THOM03,power_law,232.0,11.51,11.203431690029745,0.3065683099702543
2010THOM03,power_law,233.0,11.4,11.197217418111546,0.20278258188845477
2010THOM03,power_law,234.0,11.45,11.191038450635123,0.2589615493648765
2010THOM03,power_law,235.0,16.37,11.184894437436398,5.185105562563603
2010THOM03,power_law,236.0,13.4,11.178785033295505,2.221214966704496
2010THOM03,power_law,237.0,9.85,11.172709897846374,-1.3227098978463747
2010THOM03,power_law,238.0,10.3,11.166668695488363,-0.8666686954883627
2010THOM03,power_law,239.0,10.88,11.160661095299835,-0.2806610952998341
2010THOM03,power_law,240.0,8.69,11.15468677095368,-2.46468677095368
2010THOM03,power_law,241.0,12.13,11.148745400634699,0.9812545993653021
2010THOM03,power_law,242.0,11.18,11.142836666958807,0.03716333304119246
2010THOM03,power_law,243.0,10.02,11.136960256894007,-1.1169602568940071
2010THOM03,power_law,244.0,14.11,11.131115861683107,2.978884138316893
2010THOM03,power_law,245.0,10.87,11.125303176768096,-0.25530317676809666
2010THOM03,power_law,246.0,11.02,11.119521901716181,-0.09952190171618192
2010THOM03,power_law,247.0,11.27,11.113771740147415,0.15622825985258437
2010THOM03,power_law,248.0,12.46,11.108052399663876,1.3519476003361248
2010THOM03,power_law,249.0,10.01,11.102363591780364,-1.092363591780364
2010THOM03,power_law,250.0,9.48,11.09670503185659,-1.6167050318565899
2010THOM03,power_law,251.0,14.31,11.091076439030797,3.2189235609692037
2010THOM03,power_law,252.0,13.09,11.08547753615477,2.0045224638452304
2010THOM03,power_law,253.0,11.25,11.07990804973025,0.17009195026975021
2010THOM03,power_law,254.0,13.13,11.074367709846658,2.0556322901533424
2010THOM03,power_law,255.0,10.03,11.068856250120135,-1.0388562501201353
2010THOM03,power_law,256.0,13.25,11.063373407633833,2.186626592366167
2010THOM03,power_law,257.0,13.13,11.057918922879475,2.072081077120526
2010THOM03,power_law,258.0,12.08,11.0524925397001,1.0275074602998995
2010THOM03,power_law,259.0,10.54,11.047094005233998,-0.5070940052339985
2010THOM03,power_law,260.0,12.62,11.041723069859781,1.578276930140218
2010THOM03,power_law,261.0,10.72,11.036379487142609,-0.31637948714260844
2010THOM03,power_law,262.0,12.27,11.031063013781466,1.2389369862185333
2010THOM03,power_law,263.0,10.59,11.025773409557546,-0.4357734095575463
2010THOM03,power_law,264.0,10.95,11.020510437283656,-0.07051043728365691
2010THOM03,power_law,265.0,9.82,11.01527386275465,-1.1952738627546502
2010THOM03,power_law,266.0,11.04,11.010063454698852,0.029936545301147532
2010THOM03,power_law,267.0,10.68,11.00487898473045,-0.32487898473045007
2010THOM03,power_law,268.0,9.68,10.999720227302838,-1.3197202273028381
2010THOM03,power_law,269.0,11.72,10.994586959662886,0.7254130403371146
2010THOM03,power_law,270.0,11.15,10.98947896180611,0.16052103819388996
2010THOM03,power_law,271.0,10.22,10.984396016432726,-0.764396016432725
2010THOM03,power_law,272.0,9.23,10.979337908904562,-1.749337908904561
2010THOM03,power_law,273.0,13.22,10.974304427202815,2.2456955727971852
2010THOM03,power_law,274.0,11.36,10.969295361886633,0.3907046381133661
2010THOM03,power_law,275.0,12.23,10.964310506052506,1.2656894939474945
2010THOM03,power_law,276.0,9.58,10.959349655294407,-1.3793496552944067
2010THOM03,power_law,277.0,9.56,10.95441260766476,-1.3944126076647603
2010THOM03,power_law,278.0,9.04,10.949499163636107,-1.9094991636361076
2010THOM03,power_law,279.0,11.64,10.944609126063519,0.695390873936482
2010THOM03,power_law,280.0,10.39,10.939742300147739,-0.549742300147738
2010THOM03,power_law,281.0,11.59,10.934898493399015,0.6551015066009853
2010THOM03,power_law,282.0,10.66,10.930077515601614,-0.2700775156016135
2010THOM03,power_law,283.0,8.62,10.925279178779006,-2.3052791787790063
2010THOM03,power_law,284.0,9.97,10.9205032971597,-0.950503297159699
2010THOM03,power_law,285.0,12.86,10.915749687143734,1.9442503128562656
2010THOM03,power_law,286.0,12.75,10.911018167269765,1.8389818327302354
2010THOM03,power_law,287.0,10.69,10.906308558182797,-0.21630855818279748
2010THOM03,power_law,288.0,11.02,10.901620682602482,0.11837931739751717
2010THOM03,power_law,289.0,9.26,10.89695436529203,-1.6369543652920306
2010THOM03,power_law,290.0,8.37,10.892309433027666,-2.522309433027667
2010THOM03,power_law,291.0,10.01,10.887685714568676,-0.8776857145686758
2010THOM03,power_law,292.0,8.26,10.883083040627957,-2.6230830406279573
2010THOM03,power_law,293.0,8.95,10.878501243843164,-1.928501243843165
2010THOM03,power_law,294.0,10.0,10.87394015874832,-0.8739401587483204
2010THOM03,power_law,295.0,10.52,10.869399621745977,-0.3493996217459774
2010THOM03,power_law,296.0,10.08,10.864879471079862,-0.7848794710798614
2010THOM03,power_law,297.0,10.87,10.860379546808023,0.009620453191976353
2010THOM03,power_law,298.0,9.04,10.855899690776454,-1.8158996907764546
2010THOM03,power_law,299.0,13.02,10.851439746593183,2.1685602534068167
2010THOM03,power_law,300.0,11.19,10.846999559602827,0.3430004403971729
2010THOM03,power_law,301.0,11.74,10.8425789768616,0.897421023138401
2010THOM03,power_law,302.0,9.66,10.83817784711276,-1.1781778471127602
2010THOM03,power_law,303.0,10.0,10.833796020762485,-0.8337960207624846
2010THOM03,power_law,304.0,10.58,10.82943334985617,-0.2494333498561705
2010THOM03,power_law,305.0,9.76,10.825089688055158,-1.0650896880551581
2010THOM03,power_law,306.0,8.98,10.820764890613844,-1.840764890613844
2010THOM03,power_law,307.0,10.32,10.816458814357208,-0.49645881435720796
2010THOM03,power_law,308.0,11.18,10.812171317658718,0.3678286823412815
2010THOM03,power_law,309.0,10.26,10.807902260418619,-0.5479022604186188
2010THOM03,power_law,310.0,8.6,10.803651504042598,-2.2036515040425986
2010THOM03,power_law,311.0,11.55,10.799418911420819,0.7505810885791817
2010THOM03,power_law,312.0,10.25,10.795204346907301,-0.5452043469073011
2010THOM03,power_law,313.0,8.13,10.791007676299662,-2.6610076762996613
2010THOM03,power_law,314.0,8.96,10.786828766819202,-1.826828766819201
2010THOM03,power_law,315.0,9.32,10.782667487091324,-1.4626674870913234
2010THOM03,power_law,316.0,9.33,10.778523707126286,-1.4485237071262862
2010THOM03,power_law,317.0,9.08,10.774397298300274,-1.6943972983002737
2010THOM03,power_law,318.0,10.0,10.77028813333679,-0.7702881333367895
2010THOM03,power_law,319.0,10.24,10.76619608628836,-0.5261960862883601
2010THOM03,power_law,320.0,9.95,10.762121032518548,-0.8121210325185491
2010THOM03,power_law,321.0,8.49,10.75806284868425,-2.2680628486842505
2010THOM03,power_law,322.0,10.78,10.754021412718302,0.02597858728169733
2010THOM03,power_law,323.0,11.02,10.74999660381237,0.27000339618762936
2010THOM03,power_law,324.0,9.85,10.745988302400105,-0.8959883024001059
2010THOM03,power_law,325.0,12.95,10.741996390140612,2.2080036098593876
2010THOM03,power_law,326.0,10.03,10.738020749902143,-0.7080207499021434
2010THOM03,power_law,327.0,11.74,10.734061265746089,1.0059387342539114
2010THOM03,power_law,328.0,9.61,10.730117822911224,-1.120117822911224
2010THOM03,power_law,329.0,10.2,10.726190307798198,-0.5261903077981991
2010THOM03,power_law,330.0,9.23,10.722278607954287,-1.4922786079542867
2010THOM03,power_law,331.0,9.31,10.718382612058386,-1.4083826120583858
2010THOM03,power_law,332.0,14.27,10.714502209906245,3.5554977900937548
2010THOM03,power_law,333.0,12.99,10.710637292395939,2.2793627076040615
2010THOM03,power_law,334.0,12.23,10.70678775151357,1.5232122484864306
2010THOM03,power_law,335.0,9.63,10.702953480319202,-1.0729534803192013
2010THOM03,power_law,336.0,8.53,10.699134372933013,-2.169134372933014
2010THOM03,power_law,337.0,9.92,10.695330324521667,-0.7753303245216667
2010THOM03,power_law,338.0,8.89,10.691541231284901,-1.8015412312849008
2010THOM03,power_law,339.0,9.33,10.68776699044233,-1.3577669904423306
2010THOM03,power_law,340.0,10.38,10.684007500220448,-0.30400750022044676
2010THOM03,power_law,341.0,10.21,10.680262659839837,-0.47026265983983606
2010THOM03,power_law,342.0,8.7,10.676532369502581,-1.976532369502582
2010THOM03,power_law,343.0,7.81,10.672816530379867,-2.8628165303798676
2010THOM03,power_law,344.0,9.28,10.669115044599783,-1.3891150445997837
2010THOM03,power_law,345.0,10.68,10.6654278152353,0.014572184764698903
2010THOM03,power_law,346.0,6.21,10.661754746292452,-4.451754746292452
2010THOM03,power_law,347.0,10.63,10.658095742698674,-0.028095742698672765
2010THOM03,power_law,348.0,11.2,10.654450710291343,0.5455492897086565
2010THOM03,power_law,349.0,11.59,10.650819555806486,0.9391804441935143
2010THOM03,power_law,350.0,13.67,10.647202186867652,3.022797813132348
2010THOM03,power_law,351.0,9.86,10.643598511974961,-0.7835985119749616
2010THOM03,power_law,352.0,9.94,10.640008440494315,-0.7000084404943152
2010THOM03,power_law,353.0,12.81,10.636431882646782,2.173568117353218
2010THOM03,power_law,354.0,9.73,10.63286874949812,-0.9028687494981202
2010THOM03,power_law,355.0,9.69,10.629318952948486,-0.9393189529484864
2010THOM03,power_law,356.0,12.45,10.625782405722264,1.8242175942777354
2010THOM03,power_law,357.0,9.65,10.622259021358083,-0.9722590213580826
2010THOM03,power_law,358.0,10.55,10.618748714198952,-0.06874871419895179
2010THOM03,power_law,359.0,11.04,10.615251399382565,0.42474860061743414
2010THOM03,power_law,360.0,8.69,10.611766992831729,-1.9217669928317296
2010THOM03,power_law,361.0,11.45,10.608295411244953,0.8417045887550465
2010THOM03,power_law,362.0,9.88,10.604836572087157,-0.7248365720871561
2010THOM03,power_law,363.0,8.59,10.601390393580536,-2.0113903935805357
2010THOM03,power_law,364.0,9.39,10.597956794695545,-1.2079567946955443
2010THOM03,power_law,365.0,10.22,10.594535695142014,-0.3745356951420131
2010THOM03,power_law,366.0,12.98,10.59112701536041,2.3888729846395904
2010THOM03,power_law,367.0,11.28,10.5877306765132,0.6922693234867996
2010THOM03,power_law,368.0,9.28,10.584346600476362,-1.3043466004763626
2010THOM03,power_law,369.0,10.15,10.580974709831008,-0.4309747098310073
2010THOM03,power_law,370.0,8.98,10.577614927855123,-1.5976149278551226
2010THOM03,power_law,371.0,8.68,10.57426717851544,-1.89426717851544
2010THOM03,power_law,372.0,9.94,10.570931386459414,-0.6309313864594142
2010THOM03,power_law,373.0,11.04,10.567607477007313,0.47239252299268664
2010THOM03,power_law,374.0,9.89,10.564295376144438,-0.6742953761444372
2010THOM03,power_law,375.0,9.6,10.560995010513428,-0.9609950105134288
2010THOM03,power_law,376.0,11.96,10.557706307406699,1.402293692593302
2010THOM03,power_law,377.0,9.53,10.55442919475897,-1.0244291947589712
2010THOM03,power_law,378.0,15.05,10.551163601139914,4.498836398860087
2010THOM03,power_law,379.0,9.94,10.547909455746886,-0.6079094557468867
2010THOM03,power_law,380.0,11.16,10.54466668839778,0.6153333116022193
2010THOM03,power_law,381.0,8.28,10.541435229523977,-2.2614352295239772
2010THOM03,power_law,382.0,10.07,10.538215010163377,-0.46821501016337663
2010THOM03,power_law,383.0,9.01,10.53500596195355,-1.5250059619535499
2010THOM03,power_law,384.0,10.43,10.531808017124966,-0.10180801712496645
2010THOM03,power_law,385.0,11.41,10.528621108494333,0.8813788915056673
2010THOM03,power_law,386.0,10.28,10.525445169458006,-0.24544516945800687
2010THOM03,power_law,387.0,9.56,10.522280133985515,-0.962280133985514
2010THOM03,power_law,388.0,9.75,10.519125936613154,-0.769125936613154
2010THOM03,power_law,389.0,7.89,10.515982512437674,-2.625982512437674
2010THOM03,power_law,390.0,8.51,10.512849797110063,-2.0028497971100627
2010THOM03,power_law,391.0,10.91,10.509727726829404,0.40027227317059655
2010THOM03,power_law,392.0,10.77,10.506616238336814,0.2633837616631851
2010THOM03,power_law,393.0,10.65,10.503515268909485,0.1464847310905153
2010THOM03,power_law,394.0,9.87,10.500424756354768,-0.6304247563547687
2010THOM03,power_law,395.0,10.89,10.49734463900438,0.3926553609956205
2010THOM03,power_law,396.0,11.0,10.494274855708664,0.5057251442913362
2010THOM03,power_law,397.0,9.4,10.49121534583092,-1.0912153458309195
2010THOM03,power_law,398.0,9.12,10.48816604924184,-1.3681660492418413
2010THOM03,power_law,399.0,10.53,10.485126906313988,0.04487309368601089
2010THOM03,power_law,400.0,11.32,10.48209785791637,0.8379021420836299
2010THOM03,power_law,401.0,14.01,10.47907884540907,3.5309211545909296
2010THOM03,power_law,402.0,8.74,10.476069810637963,-1.7360698106379626
2010THOM03,power_law,403.0,10.2,10.47307069592949,-0.2730706959294906
2010THOM03,power_law,404.0,11.24,10.47008144408551,0.7699185559144901
2010THOM03,power_law,405.0,8.21,10.467101998378208,-2.2571019983782072
2010THOM03,power_law,406.0,8.32,10.464132302545092,-2.144132302545092
2010THOM03,power_law,407.0,8.81,10.461172300784028,-1.6511723007840278
2010THOM03,power_law,408.0,10.29,10.458221937748357,-0.16822193774835803
2010THOM03,power_law,409.0,8.81,10.455281158542073,-1.6452811585420726
2010THOM03,power_law,410.0,10.79,10.452349908715066,0.3376500912849334
2010THOM03,power_law,411.0,10.32,10.449428134258413,-0.12942813425841315
2010THOM03,power_law,412.0,8.17,10.446515781599754,-2.2765157815997537
2010THOM03,power_law,413.0,9.83,10.4436127975987,-0.6136127975986998
2010THOM03,power_law,414.0,10.13,10.440719129542325,-0.31071912954232417
2010THOM03,power_law,415.0,9.65,10.437834725140696,-0.7878347251406961
2010THOM03,power_law,416.0,8.86,10.434959532522479,-1.5749595325224792
2010THOM03,power_law,417.0,8.1,10.432093500230579,-2.332093500230579
2010THOM03,power_law,418.0,9.88,10.429236577217864,-0.5492365772178633
2010THOM03,power_law,419.0,10.26,10.42638871284291,-0.16638871284290957
2010THOM03,power_law,420.0,11.49,10.42354985686583,1.0664501431341709
2010THOM03,power_law,421.0,12.3,10.420719959444137,1.879280040555864
2010THOM03,power_law,422.0,9.85,10.417898971128672,-0.5678989711286722
2010THOM03,power_law,423.0,8.81,10.41508684285957,-1.6050868428595688
2010THOM03,power_law,424.0,8.94,10.41228352596228,-1.4722835259622808
2010THOM03,power_law,425.0,11.81,10.409488972143658,1.4005110278563428
2010THOM03,power_law,426.0,10.61,10.406703133488064,0.2032968665119359
2010THOM03,power_law,427.0,8.96,10.403925962453549,-1.443925962453548
2010THOM03,power_law,428.0,9.5,10.40115741186807,-0.9011574118680699
2010THOM03,power_law,429.0,9.99,10.398397434925759,-0.4083974349257584
2010THOM03,power_law,430.0,13.48,10.395645985183226,3.0843540148167747
2010THOM03,power_law,431.0,13.11,10.392903016555922,2.717096983444078
2010THOM03,power_law,432.0,9.61,10.390168483314548,-0.780168483314549
2010THOM03,power_law,433.0,10.14,10.38744234008149,-0.24744234008148958
2010THOM03,power_law,434.0,11.79,10.384724541827314,1.4052754581726852
2010THOM03,power_law,435.0,9.55,10.382015043867307,-0.8320150438673064
2010THOM03,power_law,436.0,10.68,10.379313801858041,0.3006861981419586
2010THOM03,power_law,437.0,9.84,10.376620771793997,-0.5366207717939968
2010THOM03,power_law,438.0,11.21,10.373935910004224,0.8360640899957765
2010THOM03,power_law,439.0,9.44,10.371259173149037,-0.9312591731490372
2010THOM03,power_law,440.0,10.96,10.368590518216756,0.5914094817832449
2010THOM03,power_law,441.0,11.17,10.365929902520488,0.8040700974795119
2010THOM03,power_law,442.0,10.19,10.363277283694943,-0.17327728369494366
2010THOM03,power_law,443.0,9.84,10.360632619693284,-0.5206326196932842
2010THOM03,power_law,444.0,9.73,10.357995868784034,-0.6279958687840335
2010THOM03,power_law,445.0,8.95,10.35536698954799,-1.405366989547991
2010THOM03,power_law,446.0,8.02,10.35274594087521,-2.33274594087521
2010THOM03,power_law,447.0,10.78,10.350132681961998,0.42986731803800105
2010THOM03,power_law,448.0,7.56,10.34752717230796,-2.7875271723079598
2010THOM03,power_law,449.0,8.44,10.344929371713063,-1.904929371713063
2010THOM03,power_law,450.0,8.83,10.342339240274757,-1.5123392402747573
2010THOM03,power_law,451.0,8.0,10.339756738385114,-2.3397567383851143
2010THOM03,power_law,452.0,9.9,10.337181826728001,-0.43718182672800054
2010THOM03,power_law,453.0,8.67,10.334614466276296,-1.664614466276296
2010THOM03,power_law,454.0,14.94,10.332054618289131,4.607945381710868
2010THOM03,power_law,455.0,7.81,10.329502244309166,-2.519502244309167
2010THOM03,power_law,456.0,9.81,10.32695730615989,-0.51695730615989
2010THOM03,power_law,457.0,8.62,10.324419765942977,-1.704419765942978
2010THOM03,power_law,458.0,11.35,10.32188958603563,1.0281104139643702
2010THOM03,power_law,459.0,8.33,10.319366729088008,-1.9893667290880082
2010THOM03,power_law,460.0,9.08,10.316851158020638,-1.236851158020638
2010THOM03,power_law,461.0,8.72,10.314342836021883,-1.594342836021882
2010THOM03,power_law,462.0,10.8,10.31184172654543,0.4881582734545713
2010THOM03,power_law,463.0,9.73,10.309347793307804,-0.5793477933078037
2010THOM03,power_law,464.0,9.17,10.306861000285927,-1.1368610002859274
2010THOM03,power_law,465.0,7.53,10.304381311714675,-2.7743813117146745
2010THOM03,power_law,466.0,10.18,10.301908692084499,-0.12190869208449939
2010THOM03,power_law,467.0,10.46,10.299443106139037,0.1605568938609636
2010THOM03,power_law,468.0,8.24,10.296984518872792,-2.0569845188727918
2010THOM03,power_law,469.0,8.53,10.294532895528794,-1.764532895528795
2010THOM03,power_law,470.0,10.67,10.292088201596329,0.3779117984036713
2010THOM03,power_law,471.0,9.6,10.289650402808656,-0.6896504028086561
2010THOM03,power_law,472.0,10.98,10.287219465140787,0.6927805348592138
2010THOM03,power_law,473.0,9.68,10.284795354807262,-0.604795354807262
2010THOM03,power_law,474.0,11.31,10.282378038259965,1.027621961740035
2010THOM03,power_law,475.0,7.94,10.279967482185956,-2.3399674821859557
2010THOM03,power_law,476.0,9.54,10.277563653505341,-0.737563653505342
2010THOM03,power_law,477.0,9.66,10.27516651936914,-0.61516651936914
2010THOM03,power_law,478.0,13.32,10.272776047157215,3.047223952842785
2010THOM03,power_law,479.0,9.89,10.270392204476181,-0.3803922044761805
2010THOM03,power_law,480.0,8.45,10.26801495915738,-1.8180149591573809
2010THOM03,power_law,481.0,9.56,10.265644279254836,-0.7056442792548356
2010THOM03,power_law,482.0,8.76,10.26328013304328,-1.5032801330432797
2010THOM03,power_law,483.0,11.0,10.260922489016144,0.7390775109838561
2010THOM03,power_law,484.0,11.88,10.258571315883625,1.6214286841163759
2010THOM03,power_law,485.0,12.24,10.25622658257074,1.9837734174292603
2010THOM03,power_law,486.0,11.9,10.253888258215415,1.6461117417845852
2010THOM03,power_law,487.0,11.41,10.251556312166592,1.1584436878334081
2010THOM03,power_law,488.0,9.35,10.249230713982348,-0.8992307139823481
2010THOM03,power_law,489.0,11.5,10.246911433428057,1.2530885665719431
2010THOM03,power_law,490.0,10.52,10.24459844047455,0.2754015595254504
2010THOM03,power_law,491.0,9.02,10.242291705296301,-1.2222917052963016
2010THOM03,power_law,492.0,9.52,10.239991198269642,-0.7199911982696428
2010THOM03,power_law,493.0,10.32,10.23769688997098,0.08230311002902013
2010THOM03,power_law,494.0,9.32,10.235408751175052,-0.9154087511750522
2010THOM03,power_law,495.0,8.93,10.233126752853188,-1.3031267528531885
2010THOM03,power_law,496.0,10.73,10.23085086617159,0.49914913382841064
2010THOM03,power_law,497.0,8.58,10.228581062489638,-1.6485810624896384
2010THOM03,power_law,498.0,8.21,10.22631731335821,-2.0163173133582095
2010THOM03,power_law,499.0,10.35,10.224059590518019,0.1259404094819807
2010THOM03,power_law,500.0,7.01,10.22180786589797,-3.2118078658979705
2010THOM03,power_law,501.0,8.95,10.21956211161353,-1.2695621116135314
2010THOM03,power_law,502.0,12.35,10.21732229996513,2.1326777000348702
2010THOM03,power_law,503.0,9.33,10.21508840343655,-0.8850884034365496
2010THOM03,power_law,504.0,8.71,10.212860394693372,-1.5028603946933714
2010THOM03,power_law,505.0,9.42,10.210638246581397,-0.7906382465813966
2010THOM03,power_law,506.0,11.13,10.208421932125116,0.9215780678748846
2010THOM03,power_law,507.0,8.95,10.206211424526181,-1.2562114245261817
2010THOM03,power_law,508.0,8.57,10.204006697161894,-1.6340066971618938
2010THOM03,power_law,509.0,9.83,10.201807723583709,-0.37180772358370895
2010THOM03,power_law,510.0,8.67,10.199614477515764,-1.5296144775157643
2010THOM03,power_law,511.0,8.14,10.197426932853404,-2.057426932853403
2010THOM03,power_law,512.0,7.78,10.19524506366174,-2.4152450636617404
2010THOM03,power_law,513.0,7.29,10.19306884417422,-2.9030688441742205
2010THOM03,power_law,514.0,11.36,10.190898248791207,1.1691017512087925
2010THOM03,power_law,515.0,10.84,10.188733252078567,0.6512667479214329
2010THOM03,power_law,516.0,8.5,10.186573828766296,-1.6865738287662957
2010THOM03,power_law,517.0,11.66,10.184419953747131,1.475580046252869
2010THOM03,power_law,518.0,8.88,10.182271602075204,-1.3022716020752032
2010THOM03,power_law,519.0,10.1,10.180128748964679,-0.08012874896467892
2010THOM03,power_law,520.0,14.34,10.17799136978843,4.16200863021157
2010THOM03,power_law,521.0,10.34,10.175859440076723,0.16414055992327725
2010THOM03,power_law,522.0,6.81,10.173732935515902,-3.3637329355159027
2010THOM03,power_law,523.0,10.54,10.171611831947107,0.368388168052892
2010THOM03,power_law,524.0,8.9,10.16949610536498,-1.2694961053649791
2010THOM03,power_law,525.0,11.41,10.167385731916418,1.2426142680835817
2010THOM03,power_law,526.0,9.24,10.165280687899305,-0.9252806878993045
2010THOM03,power_law,527.0,10.21,10.163180949761278,0.04681905023872268
2010THOM03,power_law,528.0,8.94,10.161086494098495,-1.2210864940984951
2010THOM03,power_law,529.0,9.59,10.15899729765442,-0.5689972976544198
2010THOM03,power_law,530.0,8.66,10.156913337318624,-1.4969133373186239
2010THOM03,power_law,531.0,8.18,10.15483459012559,-1.9748345901255906
2010THOM03,power_law,532.0,8.21,10.152761033253533,-1.9427610332535323
2010THOM03,power_law,533.0,10.83,10.150692644023232,0.6793073559767677
2010THOM03,power_law,534.0,9.53,10.148629399896874,-0.618629399896875
2010THOM03,power_law,535.0,7.87,10.146571278476916,-2.276571278476916
2010THOM03,power_law,536.0,10.71,10.144518257504936,0.5654817424950647
2010THOM03,power_law,537.0,9.91,10.142470314860534,-0.23247031486053338
2010THOM03,power_law,538.0,9.36,10.140427428560196,-0.7804274285601966
2010THOM03,power_law,539.0,9.11,10.138389576756218,-1.0283895767562186
2010THOM03,power_law,540.0,9.71,10.136356737735596,-0.42635673773559546
2010THOM03,power_law,541.0,9.14,10.134328889918965,-0.9943288899189646
2010THOM03,power_law,542.0,10.49,10.132306011859521,0.35769398814047904
2010THOM03,power_law,543.0,9.0,10.130288082241965,-1.1302880822419645
2010THOM03,power_law,544.0,7.58,10.12827507988146,-2.54827507988146
2010THOM03,power_law,545.0,8.33,10.126266983722592,-1.7962669837225924
2010THOM03,power_law,546.0,9.67,10.124263772838345,-0.4542637728383454
2010THOM03,power_law,547.0,9.49,10.122265426429083,-0.6322654264290826
2010THOM03,power_law,548.0,8.17,10.120271923821544,-1.9502719238215445
2010THOM03,power_law,549.0,12.18,10.118283244467841,2.0617167555321583
2010THOM03,power_law,550.0,10.96,10.116299367944482,0.8437006320555192
2010THOM03,power_law,551.0,9.42,10.114320273951385,-0.6943202739513854
2010THOM03,power_law,552.0,6.76,10.112345942310911,-3.3523459423109117
2010THOM03,power_law,553.0,7.87,10.110376352966913,-2.240376352966913
2010THOM03,power_law,554.0,12.56,10.10841148598377,2.4515885140162297
2010THOM03,power_law,555.0,9.61,10.10645132154547,-0.4964513215454698
2010THOM03,power_law,556.0,9.07,10.104495839954652,-1.0344958399546513
2010THOM03,power_law,557.0,10.6,10.102545021631705,0.4974549783682942
2010THOM03,power_law,558.0,8.54,10.100598847113849,-1.5605988471138499
2010THOM03,power_law,559.0,11.21,10.098657297054217,1.1113427029457839
2010THOM03,power_law,560.0,9.34,10.096720352220979,-0.7567203522209791
2010THOM03,power_law,561.0,8.12,10.094787993496439,-1.9747879934964399
2010THOM03,power_law,562.0,8.86,10.09286020187616,-1.2328602018761607
2010THOM03,power_law,563.0,12.51,10.0909369584681,2.419063041531899
2010THOM03,power_law,564.0,10.48,10.089018244491733,0.3909817555082675
2010THOM03,power_law,565.0,8.75,10.087104041277213,-1.3371040412772128
2010THOM03,power_law,566.0,8.08,10.085194330264512,-2.005194330264512
2010THOM03,power_law,567.0,6.88,10.083289093002593,-3.203289093002593
2010THOM03,power_law,568.0,10.19,10.081388311148569,0.1086116888514308
2010THOM03,power_law,569.0,7.83,10.07949196646689,-2.2494919664668895
2010THOM03,power_law,570.0,8.22,10.077600040828514,-1.8576000408285136
2010THOM03,power_law,571.0,10.83,10.07571251621012,0.7542874837898808
2010THOM03,power_law,572.0,15.88,10.073829374693283,5.806170625306718
2010THOM03,power_law,573.0,11.82,10.071950598463703,1.7480494015362975
2010THOM03,power_law,574.0,8.81,10.070076169810406,-1.2600761698104055
2010THOM03,power_law,575.0,11.32,10.068206071124969,1.2517939288750313
2010THOM03,power_law,576.0,12.27,10.066340284900756,2.203659715099244
2010THOM03,power_law,577.0,10.37,10.06447879373214,0.3055212062678585
2010THOM03,power_law,578.0,11.87,10.062621580313765,1.8073784196862341
2010THOM03,power_law,579.0,10.79,10.060768627439774,0.7292313725602249
2010THOM03,power_law,580.0,8.6,10.05891991800309,-1.4589199180030903
2010THOM03,power_law,581.0,7.83,10.05707543499466,-2.22707543499466
2010THOM03,power_law,582.0,10.27,10.055235161502734,0.21476483849726513
2010THOM03,power_law,583.0,8.92,10.053399080712147,-1.133399080712147
2010THOM03,power_law,584.0,9.95,10.051567175903592,-0.10156717590359321
2010THOM03,power_law,585.0,10.09,10.04973943045292,0.04026056954707968
2010THOM03,power_law,586.0,9.36,10.047915827830431,-0.687915827830432
2010THOM03,power_law,587.0,8.19,10.046096351600184,-1.8560963516001845
2010THOM03,power_law,588.0,8.03,10.044280985419295,-2.014280985419296
2010THOM03,power_law,589.0,7.42,10.042469713037265,-2.6224697130372654
2010THOM03,power_law,590.0,9.08,10.040662518295296,-0.9606625182952957
2010THOM03,power_law,591.0,10.41,10.038859385125619,0.3711406148743812
2010THOM03,power_law,592.0,10.94,10.03706029755083,0.902939702449169
2010THOM03,power_law,593.0,7.75,10.035265239683229,-2.2852652396832287
2010THOM03,power_law,594.0,8.62,10.033474195724168,-1.4134741957241683
2010THOM03,power_law,595.0,7.19,10.0316871499634,-2.8416871499633993
2010THOM03,power_law,596.0,9.41,10.029904086778439,-0.6199040867784387
2010THOM03,power_law,597.0,8.36,10.028124990633923,-1.668124990633924
2010THOM03,power_law,598.0,8.54,10.026349846080983,-1.4863498460809836
2010THOM03,power_law,599.0,8.64,10.024578637756616,-1.384578637756615
2010THOM03,power_law,600.0,12.6,10.02281135038307,2.5771886496169305
2010THOM03,power_law,601.0,9.02,10.021047968767222,-1.0010479687672227
2010THOM03,power_law,602.0,12.01,10.019288477799982,1.9907115222000176
2010THOM03,power_law,603.0,8.21,10.017532862455676,-1.807532862455675
2010THOM03,power_law,604.0,11.78,10.015781107791454,1.7642188922085449
2010THOM03,power_law,605.0,10.13,10.0140331989467,0.11596680105330037
2010THOM03,power_law,606.0,7.37,10.01228912114244,-2.642289121142439
2010THOM03,power_law,607.0,8.82,10.010548859680757,-1.1905488596807565
2010THOM03,power_law,608.0,7.1,10.008812399944226,-2.9088123999442264
2010THOM03,power_law,609.0,9.0,10.007079727395327,-1.0070797273953271
2010THOM03,power_law,610.0,9.76,10.005350827575887,-0.2453508275758871
2010THOM03,power_law,611.0,7.37,10.003625686106513,-2.6336256861065133
2010THOM03,power_law,612.0,8.22,10.001904288686044,-1.781904288686043
2010THOM03,power_law,613.0,9.51,10.000186621090979,-0.4901866210909791
2010THOM03,power_law,614.0,7.56,9.998472669174953,-2.4384726691749536
2010THOM03,power_law,615.0,10.61,9.996762418868176,0.6132375811318234
2010THOM03,power_law,616.0,13.09,9.9950558561769,3.094944143823099
2010THOM03,power_law,617.0,9.5,9.993352967182895,-0.49335296718289534
2010THOM03,power_law,618.0,10.48,9.991653738042903,0.48834626195709774
2010THOM03,power_law,619.0,11.06,9.989958154988123,1.0700418450118772
2010THOM03,power_law,620.0,7.78,9.988266204323693,-2.208266204323693
2010THOM03,power_law,621.0,9.26,9.986577872428171,-0.7265778724281713
2010THOM03,power_law,622.0,10.57,9.984893145753025,0.5851068542469751
2010THOM03,power_law,623.0,8.45,9.983212010822124,-1.5332120108221243
2010THOM03,power_law,624.0,8.71,9.981534454231237,-1.2715344542312366
2010THOM03,power_law,625.0,13.06,9.979860462647537,3.080139537352464
2010THOM03,power_law,626.0,8.31,9.978190022809104,-1.6681900228091031
2010THOM03,power_law,627.0,8.44,9.976523121524437,-1.5365231215244375
2010THOM03,power_law,628.0,7.47,9.97485974567197,-2.504859745671971
2010THOM03,power_law,629.0,8.69,9.973199882199587,-1.2831998821995878
2010THOM03,power_law,630.0,10.01,9.971543518124147,0.038456481875853044
2010THOM03,power_law,631.0,9.86,9.969890640531009,-0.10989064053100961
2010THOM03,power_law,632.0,10.6,9.968241236573565,0.6317587634264346
2010THOM03,power_law,633.0,9.2,9.966595293472775,-0.7665952934727756
2010THOM03,power_law,634.0,12.3,9.964952798516702,2.335047201483299
2010THOM03,power_law,635.0,10.35,9.963313739060055,0.3866862609399444
2010THOM03,power_law,636.0,10.94,9.961678102523742,0.978321897476258
2010THOM03,power_law,637.0,8.7,9.96004587639441,-1.2600458763944111
2010THOM03,power_law,638.0,7.71,9.958417048224007,-2.248417048224007
2010THOM03,power_law,639.0,7.55,9.956791605629334,-2.4067916056293344
2010THOM03,power_law,640.0,9.26,9.955169536291612,-0.6951695362916119
2010THOM03,power_law,641.0,11.56,9.953550827956038,1.6064491720439626
2010THOM03,power_law,642.0,9.04,9.951935468431364,-0.9119354684313645
2010THOM03,power_law,643.0,8.89,9.950323445589458,-1.0603234455894572
2010THOM03,power_law,644.0,11.24,9.948714747364894,1.291285252635106
2010THOM03,power_law,645.0,15.25,9.947109361754517,5.302890638245483
2010THOM03,power_law,646.0,9.37,9.94550727681703,-0.5755072768170315
2010THOM03,power_law,647.0,9.24,9.943908480672588,-0.7039084806725882
2010THOM03,power_law,648.0,12.24,9.942312961502374,2.2976870384976262
2010THOM03,power_law,649.0,8.93,9.940720707548202,-1.0107207075482023
2010THOM03,power_law,650.0,7.64,9.93913170711211,-2.299131707112111
2010THOM03,power_law,651.0,8.14,9.937545948555957,-1.7975459485559568
2010THOM03,power_law,652.0,10.59,9.935963420301029,0.6540365796989711
2010THOM03,power_law,653.0,9.2,9.934384110827645,-0.7343841108276461
2010THOM03,power_law,654.0,8.78,9.932808008674765,-1.152808008674766
2010THOM03,power_law,655.0,10.22,9.931235102439603,0.288764897560398
2010THOM03,power_law,656.0,15.11,9.929665380777237,5.180334619222762
2010THOM03,power_law,657.0,10.37,9.92809883240024,0.4419011675997595
2010THOM03,power_law,658.0,10.84,9.926535446078288,0.9134645539217114
2010THOM03,power_law,659.0,8.93,9.924975210637797,-0.9949752106377971
2010THOM03,power_law,660.0,9.32,9.923418114961542,-0.6034181149615421
2010THOM03,power_law,661.0,8.02,9.921864147988291,-1.9018641479882916
2010THOM03,power_law,662.0,9.61,9.920313298712435,-0.31031329871243507
2010THOM03,power_law,663.0,8.78,9.918765556183635,-1.1387655561836354
2010THOM03,power_law,664.0,7.79,9.917220909506451,-2.127220909506451
2010THOM03,power_law,665.0,8.02,9.91567934783999,-1.895679347839991
2010THOM03,power_law,666.0,7.83,9.914140860397548,-2.0841408603975484
2010THOM03,power_law,667.0,8.29,9.912605436446261,-1.6226054364462623
2010THOM03,power_law,668.0,9.48,9.911073065306757,-0.43107306530675693
2010THOM03,power_law,669.0,9.75,9.909543736352806,-0.1595437363528056
2010THOM03,power_law,670.0,9.27,9.90801743901098,-0.6380174390109801
2010THOM03,power_law,671.0,9.36,9.906494162760307,-0.5464941627603075
2010THOM03,power_law,672.0,7.84,9.904973897131944,-2.064973897131944
2010THOM03,power_law,673.0,9.58,9.903456631708828,-0.32345663170882766
2010THOM03,power_law,674.0,8.17,9.90194235612535,-1.7319423561253497
2010THOM03,power_law,675.0,12.54,9.900431060067032,2.6395689399329676
2010THOM03,power_law,676.0,9.08,9.898922733270185,-0.8189227332701847
2010THOM03,power_law,677.0,7.51,9.897417365521594,-2.3874173655215944
2010THOM03,power_law,678.0,11.54,9.895914946658195,1.6440850533418043
2010THOM03,power_law,679.0,13.16,9.894415466566748,3.265584533433252
2010THOM03,power_law,680.0,10.16,9.892918915183534,0.267081084816466
2010THOM03,power_law,681.0,6.88,9.891425282494023,-3.011425282494023
2010THOM03,power_law,682.0,9.05,9.889934558532577,-0.8399345585325761
2010THOM03,power_law,683.0,8.96,9.888446733382125,-0.928446733382124
2010THOM03,power_law,684.0,6.53,9.886961797173873,-3.3569617971738728
2010THOM03,power_law,685.0,9.17,9.885479740086982,-0.7154797400869821
2010THOM03,power_law,686.0,13.39,9.88400055234828,3.505999447651721
2010THOM03,power_law,687.0,10.66,9.882524224231945,0.777475775768055
2010THOM03,power_law,688.0,8.16,9.881050746059227,-1.7210507460592268
2010THOM03,power_law,689.0,8.82,9.879580108198136,-1.0595801081981353
2010THOM03,power_law,690.0,9.34,9.878112301063155,-0.5381123010631548
2010THOM03,power_law,691.0,9.58,9.876647315114948,-0.2966473151149476
2010THOM03,power_law,692.0,9.69,9.875185140860072,-0.18518514086007265
2010THOM03,power_law,693.0,7.72,9.87372576885069,-2.1537257688506903
2010THOM03,power_law,694.0,12.11,9.872269189684287,2.2377308103157123
2010THOM03,power_law,695.0,11.37,9.870815394003381,1.4991846059966178
2010THOM03,power_law,696.0,9.78,9.869364372495257,-0.08936437249525753
2010THOM03,power_law,697.0,8.31,9.867916115891672,-1.557916115891672
2010THOM03,power_law,698.0,11.26,9.866470614968597,1.3935293850314032
2010THOM03,power_law,699.0,7.19,9.865027860545922,-2.6750278605459217
2010THOM03,power_law,700.0,9.1,9.863587843487208,-0.7635878434872083
2010THOM03,power_law,701.0,8.3,9.862150554699395,-1.5621505546993948
2010THOM03,power_law,702.0,11.85,9.860715985132556,1.9892840148674438
2010THOM03,power_law,703.0,8.91,9.85928412577961,-0.9492841257796094
2010THOM03,power_law,704.0,9.27,9.85785496767607,-0.5878549676760709
2010THOM03,power_law,705.0,9.93,9.856428501899789,0.07357149810021113
2010THOM03,power_law,706.0,9.41,9.855004719570681,-0.4450047195706812
2010THOM03,power_law,707.0,11.17,9.85358361185048,1.31641638814952
2010THOM03,power_law,708.0,13.62,9.852165169942475,3.7678348300575237
2010THOM03,power_law,709.0,10.61,9.850749385091262,0.759250614908737
2010THOM03,power_law,710.0,12.21,9.849336248582489,2.360663751417512
2010THOM03,power_law,711.0,9.11,9.847925751742604,-0.7379257517426048
2010THOM03,power_law,712.0,7.98,9.84651788593861,-1.8665178859386096
2010THOM03,power_law,713.0,11.68,9.845112642577824,1.8348873574221756
2010THOM03,power_law,714.0,7.43,9.843710013107618,-2.413710013107618
2010THOM03,power_law,715.0,8.47,9.84230998901519,-1.3723099890151893
2010THOM03,power_law,716.0,9.49,9.840912561827318,-0.3509125618273181
2010THOM03,power_law,717.0,8.54,9.839517723110124,-1.2995177231101245
2010THOM03,power_law,718.0,10.05,9.838125464468826,0.21187453553117486
2010THOM03,power_law,719.0,10.47,9.836735777547519,0.6332642224524818
2010THOM03,power_law,720.0,10.47,9.835348654028929,0.6346513459710721
2010THOM03,power_law,721.0,11.45,9.833964085634186,1.6160359143658134
2010THOM03,power_law,722.0,11.19,9.832582064122592,1.3574179358774074
2010THOM03,power_law,723.0,10.26,9.831202581291393,0.42879741870860677
2010THOM03,power_law,724.0,9.21,9.829825628975554,-0.619825628975553
2010THOM03,power_law,725.0,6.68,9.82845119904753,-3.14845119904753
2010THOM03,power_law,726.0,8.94,9.827079283417044,-0.8870792834170445
2010THOM03,power_law,727.0,8.34,9.825709874030867,-1.4857098740308672
2010THOM03,power_law,728.0,9.66,9.824342962872596,-0.16434296287259542
2010THOM03,power_law,729.0,10.1,9.822978541962433,0.2770214580375665
2010THOM03,power_law,730.0,9.37,9.821616603356974,-0.4516166033569746
2010THOM03,power_law,731.0,10.81,9.820257139148985,0.989742860851015
2010THOM03,power_law,732.0,9.67,9.8189001414672,-0.1489001414672
2010THOM03,power_law,733.0,11.47,9.817545602476093,1.6524543975239077
2010THOM03,power_law,734.0,8.17,9.81619351437568,-1.64619351437568
2010THOM03,power_law,735.0,8.31,9.814843869401306,-1.5048438694013058
2010THOM03,power_law,736.0,8.38,9.813496659823434,-1.433496659823433
2010THOM03,power_law,737.0,10.32,9.812151877947443,0.5078481220525575
2010THOM03,power_law,738.0,8.06,9.81080951611342,-1.750809516113419
2010THOM03,power_law,739.0,11.55,9.809469566695956,1.7405304333040448
2010THOM03,power_law,740.0,8.3,9.808132022103951,-1.5081320221039505
2010THOM03,power_law,741.0,9.77,9.806796874780405,-0.036796874780405275
2010THOM03,power_law,742.0,8.57,9.805464117202224,-1.2354641172022234
2010THOM03,power_law,743.0,9.44,9.804133741880019,-0.36413374188001946
2010THOM03,power_law,744.0,9.02,9.802805741357911,-0.7828057413579117
2010THOM03,power_law,745.0,9.82,9.801480108213346,0.018519891786654696
2010THOM03,power_law,746.0,11.7,9.800156835056882,1.8998431649431176
2010THOM03,power_law,747.0,8.07,9.798835914532011,-1.7288359145320111
2010THOM03,power_law,748.0,7.33,9.797517339314968,-2.467517339314968
2010THOM03,power_law,749.0,7.65,9.796201102114537,-2.146201102114537
2010THOM03,power_law,750.0,7.46,9.794887195671867,-2.3348871956718673
2010THOM03,power_law,751.0,6.52,9.793575612760279,-3.273575612760279
2010THOM03,power_law,752.0,9.33,9.792266346185087,-0.46226634618508733
2010THOM03,power_law,753.0,10.56,9.790959388783417,0.7690406112165835
2010THOM03,power_law,754.0,10.27,9.789654733424015,0.4803452665759842
2010THOM03,power_law,755.0,11.13,9.78835237300707,1.3416476269929305
2010THOM03,power_law,756.0,8.8,9.787052300464037,-0.9870523004640361
2010THOM03,power_law,757.0,8.81,9.785754508757453,-0.9757545087574524
2010THOM03,power_law,758.0,7.74,9.784458990880763,-2.044458990880763
2010THOM03,power_law,759.0,10.58,9.783165739858145,0.7968342601418552
2010THOM03,power_law,760.0,12.23,9.781874748744325,2.448125251255675
2010THOM03,power_law,761.0,11.47,9.780586010624422,1.6894139893755789
2010THOM03,power_law,762.0,9.54,9.779299518613755,-0.23929951861375542
2010THOM03,power_law,763.0,8.69,9.778015265857682,-1.088015265857683
2010THOM03,power_law,764.0,8.88,9.776733245531432,-0.896733245531431
2010THOM03,power_law,765.0,8.29,9.775453450839933,-1.485453450839934
2010THOM03,power_law,766.0,9.11,9.774175875017638,-0.664175875017639
2010THOM03,power_law,767.0,9.0,9.772900511328368,-0.772900511328368
2010THOM03,power_law,768.0,10.59,9.771627353065142,0.8183726469348578
2010THOM03,power_law,769.0,19.81,9.770356393550014,10.039643606449985
2010THOM03,power_law,770.0,11.1,9.769087626133905,1.330912373866095
2010THOM03,power_law,771.0,8.85,9.767821044196447,-0.9178210441964474
2010THOM03,power_law,772.0,8.58,9.76655664114582,-1.1865566411458204
2010THOM03,power_law,773.0,10.01,9.765294410418594,0.24470558958140565
2010THOM03,power_law,774.0,10.12,9.764034345479562,0.35596565452043727
2010THOM03,power_law,775.0,9.09,9.762776439821593,-0.6727764398215932
2010THOM03,power_law,776.0,10.7,9.761520686965468,0.9384793130345308
2010THOM03,power_law,777.0,9.52,9.76026708045973,-0.24026708045973066
2010THOM03,power_law,778.0,7.64,9.759015613880525,-2.119015613880525
2010THOM03,power_law,779.0,10.36,9.75776628083145,0.6022337191685487
2010THOM03,power_law,780.0,10.13,9.756519074943402,0.37348092505659913
2010THOM03,power_law,781.0,10.41,9.755273989874421,0.6547260101255787
2010THOM03,power_law,782.0,10.44,9.754031019309553,0.685968980690447
2010THOM03,power_law,783.0,5.89,9.752790156960682,-3.862790156960682
2010THOM03,power_law,784.0,9.33,9.751551396566402,-0.42155139656640195
2010THOM03,power_law,785.0,11.85,9.750314731891848,2.0996852681081517
2010THOM03,power_law,786.0,9.68,9.749080156728574,-0.0690801567285746
2010THOM03,power_law,787.0,9.02,9.747847664894383,-0.7278476648943837
2010THOM03,power_law,788.0,9.79,9.7466172502332,0.04338274976679912
2010THOM03,power_law,789.0,10.14,9.745388906614927,0.3946110933850733
2010THOM03,power_law,790.0,9.07,9.744162627935292,-0.6741626279352921
2010THOM03,power_law,791.0,10.03,9.742938408115712,0.2870615918842869
2010THOM03,power_law,792.0,8.73,9.741716241103157,-1.0117162411031568
2010THOM03,power_law,793.0,10.19,9.740496120870004,0.44950387912999545
2010THOM03,power_law,794.0,10.79,9.739278041413904,1.0507219585860952
2010THOM03,power_law,795.0,8.71,9.738061996757637,-1.0280619967576357
2010THOM03,power_law,796.0,7.13,9.736847980948982,-2.6068479809489817
2010THOM03,power_law,797.0,9.81,9.735635988060583,0.07436401193941755
2010THOM03,power_law,798.0,9.73,9.734426012189806,-0.004426012189805206
2010THOM03,power_law,799.0,9.23,9.733218047458607,-0.5032180474586063
2010THOM03,power_law,800.0,8.98,9.732012088013407,-0.7520120880134069
2010THOM03,power_law,801.0,8.44,9.730808128024952,-1.2908081280249526
2010THOM03,power_law,802.0,8.84,9.729606161688181,-0.8896061616881816
2010THOM03,power_law,803.0,10.81,9.7284061832221,1.0815938167779002
2010THOM03,power_law,804.0,9.12,9.727208186869651,-0.6072081868696522
2010THOM03,power_law,805.0,8.55,9.726012166897583,-1.176012166897582
2010THOM03,power_law,806.0,8.58,9.724818117596323,-1.1448181175963228
2010THOM03,power_law,807.0,9.79,9.723626033279851,0.06637396672014795
2010THOM03,power_law,808.0,8.98,9.72243590828557,-0.7424359082855698
2010THOM03,power_law,809.0,9.91,9.721247736974188,0.18875226302581183
2010THOM03,power_law,810.0,10.39,9.720061513729586,0.6699384862704143
2010THOM03,power_law,811.0,13.34,9.718877232958699,3.6211227670413013
2010THOM03,power_law,812.0,8.93,9.717694889091387,-0.7876948890913873
2010THOM03,power_law,813.0,7.51,9.716514476580322,-2.206514476580322
2010THOM03,power_law,814.0,9.48,9.715335989900858,-0.23533598990085736
2010THOM03,power_law,815.0,9.85,9.71415942355092,0.13584057644908043
2010THOM03,power_law,816.0,8.52,9.712984772050872,-1.1929847720508722
2010THOM03,power_law,817.0,8.94,9.711812029943406,-0.7718120299434066
2010THOM03,power_law,818.0,9.79,9.71064119179343,0.07935880820656926
2010THOM03,power_law,819.0,10.76,9.709472252187933,1.0505277478120671
2010THOM03,power_law,820.0,8.52,9.708305205735883,-1.1883052057358832
2010THOM03,power_law,821.0,8.82,9.707140047068105,-0.8871400470681046
2010THOM03,power_law,822.0,13.84,9.705976770837173,4.1340232291628265
2010THOM03,power_law,823.0,8.27,9.704815371717284,-1.434815371717285
2010THOM03,power_law,824.0,11.12,9.703655844404153,1.416344155595846
2010THOM03,power_law,825.0,9.62,9.702498183614896,-0.0824981836148968
2010THOM03,power_law,826.0,9.39,9.70134238408792,-0.3113423840879186
2010THOM03,power_law,827.0,9.95,9.700188440582814,0.2498115594171857
2010THOM03,power_law,828.0,7.52,9.699036347880229,-2.1790363478802295
2010THOM03,power_law,829.0,8.06,9.697886100781782,-1.637886100781781
2010THOM03,power_law,830.0,7.11,9.696737694109933,-2.5867376941099325
2010THOM03,power_law,831.0,9.6,9.695591122707883,-0.09559112270788361
2010THOM03,power_law,832.0,9.36,9.694446381439468,-0.33444638143946825
2010THOM03,power_law,833.0,7.74,9.693303465189045,-1.9533034651890446
2010THOM03,power_law,834.0,9.39,9.692162368861394,-0.3021623688613939
2010THOM03,power_law,835.0,7.91,9.691023087381607,-1.781023087381607
2010THOM03,power_law,836.0,7.69,9.68988561569498,-1.9998856156949794
2010THOM03,power_law,837.0,9.19,9.688749948766915,-0.4987499487669158
2010THOM03,power_law,838.0,10.34,9.687616081582812,0.652383918417188
2010THOM03,power_law,839.0,8.08,9.686484009147968,-1.6064840091479677
2010THOM03,power_law,840.0,8.76,9.685353726487472,-0.9253537264874723
2010THOM03,power_law,841.0,8.73,9.684225228646106,-0.9542252286461057
2010THOM03,power_law,842.0,7.83,9.683098510688241,-1.8530985106882412
2010THOM03,power_law,843.0,12.75,9.681973567697739,3.0680264323022612
2010THOM03,power_law,844.0,8.14,9.680850394777849,-1.5408503947778485
2010THOM03,power_law,845.0,7.54,9.679728987051114,-2.1397289870511136
2010THOM03,power_law,846.0,6.75,9.678609339659264,-2.928609339659264
2010THOM03,power_law,847.0,7.41,9.677491447763131,-2.267491447763131
2010THOM03,power_law,848.0,11.59,9.676375306542532,1.9136246934574679
2010THOM03,power_law,849.0,10.29,9.675260911196192,0.6147390888038071
2010THOM03,power_law,850.0,8.87,9.674148256941633,-0.8041482569416338
2010THOM03,power_law,851.0,8.44,9.67303733901509,-1.233037339015091
2010THOM03,power_law,852.0,9.49,9.671928152671406,-0.18192815267140539
2010THOM03,power_law,853.0,8.22,9.670820693183941,-1.4508206931839407
2010THOM03,power_law,854.0,10.07,9.669714955844482,0.4002850441555186
2010THOM03,power_law,855.0,12.27,9.668610935963146,2.6013890640368533
2010THOM03,power_law,856.0,9.29,9.667508628868287,-0.37750862886828784
2010THOM03,power_law,857.0,9.19,9.666408029906407,-0.4764080299064073
2010THOM03,power_law,858.0,9.9,9.665309134442056,0.23469086555794405
2010THOM03,power_law,859.0,7.21,9.664211937857756,-2.454211937857756
2010THOM03,power_law,860.0,8.14,9.663116435553896,-1.523116435553895
2010THOM03,power_law,861.0,7.5,9.662022622948648,-2.1620226229486477
2010THOM03,power_law,862.0,7.47,9.66093049547788,-2.19093049547788
2010THOM03,power_law,863.0,11.77,9.659840048595065,2.1101599514049347
2010THOM03,power_law,864.0,8.68,9.658751277771188,-0.9787512777711882
2010THOM03,power_law,865.0,8.8,9.65766417849467,-0.8576641784946695
2010THOM03,power_law,866.0,8.03,9.65657874627127,-1.6265787462712709
2010THOM03,power_law,867.0,9.18,9.655494976624002,-0.4754949766240024
2010THOM03,power_law,868.0,11.45,9.65441286509305,1.795587134906949
2010THOM03,power_law,869.0,11.3,9.65333240723568,1.6466675927643202
2010THOM03,power_law,870.0,7.8,9.65225359862616,-1.8522535986261603
2010THOM03,power_law,871.0,9.62,9.651176434855671,-0.031176434855671786
2010THOM03,power_law,872.0,7.77,9.650100911532222,-1.8801009115322227
2010THOM03,power_law,873.0,8.3,9.64902702428057,-1.34902702428057
2010THOM03,power_law,874.0,9.26,9.647954768742139,-0.38795476874213897
2010THOM03,power_law,875.0,7.86,9.64688414057493,-1.7868841405749292
2010THOM03,power_law,876.0,7.23,9.645815135453443,-2.4158151354534425
2010THOM03,power_law,877.0,8.48,9.644747749068598,-1.1647477490685976
2010THOM03,power_law,878.0,10.21,9.643681977127656,0.5663180228723448
2010THOM03,power_law,879.0,5.97,9.642617815354125,-3.6726178153541253
2010THOM03,power_law,880.0,8.3,9.6415552594877,-1.3415552594876985
2010THOM03,power_law,881.0,8.76,9.640494305284165,-0.8804943052841647
2010THOM03,power_law,882.0,11.06,9.639434948515326,1.4205650514846742
2010THOM03,power_law,883.0,11.2,9.638377184968927,1.5616228150310718
2010THOM03,power_law,884.0,9.58,9.637321010448577,-0.05732101044857707
2010THOM03,power_law,885.0,9.85,9.636266420773662,0.2137335792263375
2010THOM03,power_law,886.0,10.27,9.635213411779283,0.6347865882207167
2010THOM03,power_law,887.0,7.13,9.634161979316161,-2.5041619793161614
2010THOM03,power_law,888.0,8.77,9.633112119250583,-0.8631121192505837
2010THOM03,power_law,889.0,8.39,9.632063827464307,-1.2420638274643068
2010THOM03,power_law,890.0,8.64,9.631017099854493,-0.991017099854492
2010THOM03,power_law,891.0,9.89,9.62997193233363,0.26002806766637043
2010THOM03,power_law,892.0,10.86,9.628928320829464,1.231071679170535
2010THOM03,power_law,893.0,8.55,9.62788626128492,-1.0778862612849185
2010THOM03,power_law,894.0,4.86,9.626845749658022,-4.766845749658022
2010THOM03,power_law,895.0,13.06,9.625806781921838,3.4341932180781622
2010THOM03,power_law,896.0,8.72,9.624769354064387,-0.9047693540643866
2010THOM03,power_law,897.0,9.2,9.623733462088584,-0.42373346208858464
2010THOM03,power_law,898.0,9.31,9.622699102012156,-0.31269910201215545
2010THOM03,power_law,899.0,8.89,9.621666269867575,-0.7316662698675742
2010THOM03,power_law,900.0,8.73,9.620634961701988,-0.8906349617019877
2010THOM03,power_law,901.0,10.24,9.619605173577147,0.6203948264228529
2010THOM03,power_law,902.0,8.8,9.61857690156934,-0.8185769015693385
2010THOM03,power_law,903.0,9.27,9.617550141769309,-0.3475501417693092
2010THOM03,power_law,904.0,11.96,9.616524890282204,2.3434751097177973
2010THOM03,power_law,905.0,9.04,9.615501143227489,-0.5755011432274895
2010THOM03,power_law,906.0,9.3,9.614478896738895,-0.31447889673889406
2010THOM03,power_law,907.0,8.65,9.613458146964335,-0.9634581469643351
2010THOM03,power_law,908.0,11.64,9.61243889006585,2.027561109934151
2010THOM03,power_law,909.0,9.94,9.611421122219529,0.3285788777804708
2010THOM03,power_law,910.0,7.59,9.610404839615454,-2.0204048396154537
2010THOM03,power_law,911.0,8.23,9.609390038457624,-1.3793900384576236
2010THOM03,power_law,912.0,8.74,9.608376714963896,-0.8683767149638957
2010THOM03,power_law,913.0,10.15,9.607364865365916,0.5426351346340841
2010THOM03,power_law,914.0,7.33,9.606354485909053,-2.276354485909053
2010THOM03,power_law,915.0,6.93,9.605345572852334,-2.6753455728523345
2010THOM03,power_law,916.0,7.33,9.604338122468382,-2.2743381224683823
2010THOM03,power_law,917.0,9.61,9.603332131043352,0.006667868956647283
2010THOM03,power_law,918.0,9.57,9.602327594876865,-0.03232759487686465
2010THOM03,power_law,919.0,9.14,9.60132451028194,-0.46132451028193877
2010THOM03,power_law,920.0,15.01,9.600322873584942,5.409677126415058
2010THOM03,power_law,921.0,8.24,9.59932268112551,-1.3593226811255104
2010THOM03,power_law,922.0,8.99,9.598323929256503,-0.6083239292565032
2010THOM03,power_law,923.0,9.02,9.597326614343928,-0.577326614343928
2010THOM03,power_law,924.0,10.91,9.596330732766882,1.3136692672331183
2010THOM03,power_law,925.0,8.62,9.595336280917497,-0.9753362809174977
2010THOM03,power_law,926.0,9.92,9.594343255200872,0.32565674479912765
2010THOM03,power_law,927.0,10.08,9.593351652035015,0.48664834796498546
2010THOM03,power_law,928.0,7.69,9.592361467850782,-1.902361467850782
2010THOM03,power_law,929.0,8.15,9.59137269909182,-1.4413726990918203
2010THOM03,power_law,930.0,9.26,9.5903853422145,-0.3303853422145
2010THOM03,power_law,931.0,5.11,9.589399393687865,-4.479399393687864
2010THOM03,power_law,932.0,9.78,9.588414849993573,0.19158515000642673
2010THOM03,power_law,933.0,11.45,9.587431707625827,1.8625682923741724
2010THOM03,power_law,934.0,9.36,9.586449963091333,-0.22644996309133347
2010THOM03,power_law,935.0,7.3,9.585469612909225,-2.2854696129092256
2010THOM03,power_law,936.0,9.69,9.584490653611022,0.10550934638897758
2010THOM03,power_law,937.0,10.34,9.583513081740561,0.7564869182594389
2010THOM03,power_law,938.0,13.41,9.582536893853948,3.827463106146052
2010THOM03,power_law,939.0,8.54,9.581562086519494,-1.0415620865194946
2010THOM03,power_law,940.0,8.94,9.58058865631766,-0.6405886563176608
2010THOM03,power_law,941.0,10.27,9.579616599841009,0.690383400158991
2010THOM03,power_law,942.0,10.78,9.57864591369414,1.2013540863058587
2010THOM03,power_law,943.0,11.99,9.577676594493642,2.412323405506358
2010THOM03,power_law,944.0,7.09,9.576708638868029,-2.486708638868029
2010THOM03,power_law,945.0,8.34,9.575742043457693,-1.2357420434576927
2010THOM03,power_law,946.0,9.47,9.574776804914848,-0.10477680491484698
2010THOM03,power_law,947.0,8.02,9.573812919903473,-1.5538129199034731
2010THOM03,power_law,948.0,7.58,9.572850385099265,-1.9928503850992652
2010THOM03,power_law,949.0,9.23,9.571889197189579,-0.34188919718957855
2010THOM03,power_law,950.0,9.51,9.570929352873375,-0.060929352873374754
2010THOM03,power_law,951.0,8.42,9.56997084886117,-1.1499708488611695
2010THOM03,power_law,952.0,8.6,9.569013681874978,-0.9690136818749782
2010THOM03,power_law,953.0,7.54,9.568057848648271,-2.028057848648271
2010THOM03,power_law,954.0,7.05,9.56710334592591,-2.51710334592591
2010THOM03,power_law,955.0,9.93,9.566150170464105,0.3638498295358943
2010THOM03,power_law,956.0,13.51,9.565198319030364,3.9448016809696362
2010THOM03,power_law,957.0,7.67,9.56424778840343,-1.8942477884034297
2010THOM03,power_law,958.0,11.42,9.563298575373247,1.8567014246267526
2010THOM03,power_law,959.0,8.48,9.562350676740897,-1.0823506767408961
2010THOM03,power_law,960.0,12.96,9.561404089318552,3.3985959106814487
2010THOM03,power_law,961.0,8.22,9.560458809929429,-1.3404588099294283
2010THOM03,power_law,962.0,11.84,9.559514835407738,2.280485164592262
2010THOM03,power_law,963.0,7.82,9.558572162598626,-1.7385721625986257
2010THOM03,power_law,964.0,11.38,9.557630788358141,1.8223692116418597
2010THOM03,power_law,965.0,10.22,9.55669070955317,0.663309290446831
2010THOM03,power_law,966.0,12.31,9.555751923061397,2.7542480769386035
2010THOM03,power_law,967.0,11.76,9.554814425771257,2.205185574228743
2010THOM03,power_law,968.0,10.57,9.553878214581882,1.0161217854181182
2010THOM03,power_law,969.0,8.56,9.552943286403055,-0.9929432864030545
2010THOM03,power_law,970.0,11.28,9.552009638155164,1.7279903618448351
2010THOM03,power_law,971.0,9.02,9.551077266769157,-0.5310772667691577
2010THOM03,power_law,972.0,11.8,9.55014616918649,2.2498538308135103
2010THOM03,power_law,973.0,9.29,9.54921634235908,-0.2592163423590801
2010THOM03,power_law,974.0,6.73,9.548287783249263,-2.8182877832492625
2010THOM03,power_law,975.0,9.16,9.547360488829746,-0.3873604888297457
2010THOM03,power_law,976.0,9.57,9.546434456083562,0.023565543916438614
2010THOM03,power_law,977.0,11.57,9.545509682004017,2.0244903179959834
2010THOM03,power_law,978.0,11.66,9.544586163594655,2.115413836405345
2010THOM03,power_law,979.0,9.35,9.543663897869209,-0.19366389786920912
2010THOM03,power_law,980.0,9.01,9.542742881851552,-0.5327428818515525
2010THOM03,power_law,981.0,8.43,9.541823112575656,-1.1118231125756566
2010THOM03,power_law,982.0,7.1,9.540904587085546,-2.440904587085546
2010THOM03,power_law,983.0,10.89,9.53998730243526,1.3500126975647397
2010THOM03,power_law,984.0,11.24,9.539071255688798,1.7009287443112022
2010THOM03,power_law,985.0,8.94,9.53815644392008,-0.5981564439200806
2010THOM03,power_law,986.0,10.5,9.537242864212914,0.9627571357870863
2010THOM03,power_law,987.0,8.95,9.536330513660927,-0.5863305136609274
2010THOM03,power_law,988.0,10.36,9.53541938936755,0.8245806106324487
2010THOM03,power_law,989.0,8.05,9.534509488445961,-1.4845094884459602
2010THOM03,power_law,990.0,8.44,9.53360080801904,-1.0936008080190405
2010THOM03,power_law,991.0,12.58,9.532693345219332,3.0473066547806678
2010THOM03,power_law,992.0,8.71,9.531787097189008,-0.8217870971890076
2010THOM03,power_law,993.0,9.58,9.530882061079813,0.04911793892018679
2010THOM03,power_law,994.0,8.87,9.529978234053033,-0.6599782340530336
2010THOM03,power_law,995.0,8.66,9.529075613279447,-0.8690756132794473
2010THOM03,power_law,996.0,9.95,9.528174195939297,0.4218258040607026
2010THOM03,power_law,997.0,8.28,9.52727397922223,-1.2472739792222303
2010THOM03,power_law,998.0,9.1,9.52637496032727,-0.42637496032727107
2010THOM03,power_law,999.0,10.35,9.52547713646278,0.8245228635372204
2010THOM03,power_law,1000.0,7.68,9.524580504846401,-1.8445805048464017
2010THOM03,power_law,1001.0,7.65,9.523685062705042,-1.8736850627050412
2010THOM03,power_law,1002.0,7.83,9.52279080727481,-1.6927908072748092
2010THOM03,power_law,1003.0,11.59,9.521897735800994,2.0681022641990054
2010THOM03,power_law,1004.0,6.54,9.521005845538014,-2.9810058455380135
2010THOM03,power_law,1005.0,8.76,9.520115133749378,-0.7601151337493786
2010THOM03,power_law,1006.0,9.79,9.519225597707656,0.27077440229234284
2010THOM03,power_law,1007.0,9.99,9.518337234694428,0.47166276530557205
2010THOM03,power_law,1008.0,10.16,9.517450042000256,0.6425499579997442
2010THOM03,power_law,1009.0,7.79,9.516564016924631,-1.7265640169246312
2010THOM03,power_law,1010.0,7.47,9.515679156775956,-2.0456791567759565
2010THOM03,power_law,1011.0,8.88,9.514795458871482,-0.6347954588714817
2010THOM03,power_law,1012.0,8.2,9.513912920537301,-1.3139129205373017
2010THOM03,power_law,1013.0,7.46,9.513031539108272,-2.0530315391082725
2010THOM03,power_law,1014.0,10.94,9.512151311928017,1.4278486880719825
2010THOM03,power_law,1015.0,7.66,9.511272236348864,-1.8512722363488638
2010THOM03,power_law,1016.0,10.64,9.510394309731815,1.1296056902681855
2010THOM03,power_law,1017.0,8.06,9.50951752944651,-1.44951752944651
2010THOM03,power_law,1018.0,8.21,9.50864189287119,-1.2986418928711885
2010THOM03,power_law,1019.0,8.33,9.507767397392659,-1.1777673973926586
2010THOM03,power_law,1020.0,9.4,9.506894040406248,-0.10689404040624773
2010THOM03,power_law,1021.0,10.02,9.506021819315784,0.5139781806842159
2010THOM03,power_law,1022.0,7.72,9.505150731533544,-1.7851507315335438
2010THOM03,power_law,1023.0,8.19,9.504280774480225,-1.3142807744802258
2010THOM03,power_law,1024.0,7.87,9.503411945584915,-1.633411945584915
2010THOM03,power_law,1025.0,27.24,9.502544242285044,17.737455757714955
2010THOM03,power_law,1026.0,9.22,9.501677662026356,-0.2816776620263557
2010THOM03,power_law,1027.0,7.78,9.500812202262878,-1.720812202262878
2010THOM03,power_law,1028.0,8.4,9.499947860456876,-1.0999478604568758
2010THOM03,power_law,1029.0,8.95,9.499084634078827,-0.5490846340788273
2010THOM03,power_law,1030.0,8.13,9.498222520607381,-1.3682225206073806
2010THOM03,power_law,1031.0,8.95,9.49736151752933,-0.54736151752933
2010THOM03,power_law,1032.0,9.58,9.496501622339572,0.08349837766042789
2010THOM03,power_law,1033.0,7.78,9.495642832541076,-1.715642832541076
2010THOM03,power_law,1034.0,8.5,9.494785145644851,-0.9947851456448511
2010THOM03,power_law,1035.0,8.9,9.493928559169905,-0.5939285591699051
2010THOM03,power_law,1036.0,8.19,9.493073070643227,-1.3030730706432276
2010THOM03,power_law,1037.0,7.7,9.492218677599734,-1.7922186775997337
2010THOM03,power_law,1038.0,7.99,9.491365377582254,-1.5013653775822533
2010THOM03,power_law,1039.0,10.28,9.490513168141483,0.7894868318585164
2010THOM03,power_law,1040.0,8.29,9.48966204683596,-1.199662046835961
2010THOM03,power_law,1041.0,8.64,9.488812011232028,-0.8488120112320274
2010THOM03,power_law,1042.0,7.06,9.487963058903805,-2.4279630589038055
2010THOM03,power_law,1043.0,10.84,9.48711518743315,1.3528848125668507
2010THOM03,power_law,1044.0,9.5,9.48626839440963,0.013731605590370677
2010THOM03,power_law,1045.0,8.56,9.485422677430494,-0.9254226774304932
2010THOM03,power_law,1046.0,9.22,9.484578034100632,-0.26457803410063185
2010THOM03,power_law,1047.0,8.98,9.483734462032556,-0.5037344620325559
2010THOM03,power_law,1048.0,10.66,9.482891958846354,1.1771080411536463
2010THOM03,power_law,1049.0,7.35,9.482050522169665,-2.1320505221696653
2010THOM03,power_law,1050.0,11.59,9.481210149637654,2.1087898503623457
2010THOM03,power_law,1051.0,10.42,9.480370838892973,0.9396291611070264
2010THOM03,power_law,1052.0,9.11,9.47953258758573,-0.3695325875857307
2010THOM03,power_law,1053.0,10.86,9.478695393373464,1.3813046066265358
2010THOM03,power_law,1054.0,8.88,9.477859253921112,-0.5978592539211114
2010THOM03,power_law,1055.0,9.02,9.477024166900978,-0.4570241669009789
2010THOM03,power_law,1056.0,8.62,9.476190129992698,-0.8561901299926991
2010THOM03,power_law,1057.0,6.95,9.475357140883226,-2.5253571408832256
2010THOM03,power_law,1058.0,7.93,9.474525197266779,-1.544525197266779
2010THOM03,power_law,1059.0,10.01,9.47369429684483,0.5363057031551701
2010THOM03,power_law,1060.0,7.84,9.47286443732607,-1.6328644373260701
2010THOM03,power_law,1061.0,7.84,9.472035616426377,-1.6320356164263767
2010THOM03,power_law,1062.0,8.79,9.471207831868783,-0.6812078318687842
2010THOM03,power_law,1063.0,9.91,9.470381081383458,0.43961891861654223
2010THOM03,power_law,1064.0,6.16,9.469555362707666,-3.309555362707666
2010THOM03,power_law,1065.0,9.12,9.468730673585748,-0.3487306735857487
2010THOM03,power_law,1066.0,7.45,9.467907011769086,-2.0179070117690854
2010THOM03,power_law,1067.0,8.49,9.467084375016073,-0.9770843750160729
2010THOM03,power_law,1068.0,7.92,9.466262761092093,-1.546262761092093
2010THOM03,power_law,1069.0,10.68,9.465442167769488,1.2145578322305113
2010THOM03,power_law,1070.0,8.51,9.46462259282753,-0.9546225928275298
2010THOM03,power_law,1071.0,11.16,9.463804034052387,1.696195965947613
2010THOM03,power_law,1072.0,8.89,9.462986489237107,-0.5729864892371062
2010THOM03,power_law,1073.0,9.48,9.462169956181581,0.017830043818419128
2010THOM03,power_law,1074.0,9.67,9.46135443269252,0.20864556730747985
2010THOM03,power_law,1075.0,9.85,9.460539916583429,0.3894600834165711
2010THOM03,power_law,1076.0,8.68,9.459726405674566,-0.7797264056745661
2010THOM03,power_law,1077.0,9.0,9.45891389779294,-0.45891389779293945
2010THOM03,power_law,1078.0,9.43,9.458102390772261,-0.028102390772261288
2010THOM03,power_law,1079.0,9.28,9.457291882452921,-0.1772918824529217
2010THOM03,power_law,1080.0,7.8,9.456482370681972,-1.6564823706819718
2010THOM03,power_law,1081.0,8.56,9.45567385331309,-0.8956738533130899
2010THOM03,power_law,1082.0,9.08,9.454866328206563,-0.3748663282065632
2010THOM03,power_law,1083.0,9.87,9.454059793229243,0.41594020677075605
2010THOM03,power_law,1084.0,8.59,9.453254246254541,-0.8632542462545416
2010THOM03,power_law,1085.0,10.55,9.45244968516239,1.0975503148376102
2010THOM03,power_law,1086.0,7.58,9.451646107839217,-1.8716461078392168
2010THOM03,power_law,1087.0,9.07,9.450843512177926,-0.38084351217792545
2010THOM03,power_law,1088.0,10.48,9.450041896077865,1.0299581039221355
2010THOM03,power_law,1089.0,8.6,9.4492412574448,-0.8492412574448007
2010THOM03,power_law,1090.0,7.85,9.448441594190898,-1.5984415941908985
2010THOM03,power_law,1091.0,10.12,9.44764290423469,0.6723570957653084
2010THOM03,power_law,1092.0,9.75,9.446845185501058,0.3031548144989422
2010THOM03,power_law,1093.0,7.28,9.446048435921195,-2.166048435921195
2010THOM03,power_law,1094.0,8.62,9.445252653432593,-0.8252526534325941
2010THOM03,power_law,1095.0,7.3,9.444457835979017,-2.1444578359790176
2010THOM03,power_law,1096.0,8.45,9.44366398151047,-0.9936639815104709
2010THOM03,power_law,1097.0,8.73,9.442871087983178,-0.7128710879831779
2010THOM03,power_law,1098.0,7.86,9.442079153359565,-1.5820791533595644
2010THOM03,power_law,1099.0,9.02,9.441288175608218,-0.4212881756082183
2010THOM03,power_law,1100.0,8.69,9.440498152703883,-0.7504981527038836
2010THOM03,power_law,1101.0,10.01,9.439709082627418,0.5702909173725814
2010THOM03,power_law,1102.0,31.05,9.438920963365787,21.611079036634216
2010THOM03,power_law,1103.0,9.6,9.438133792912023,0.16186620708797683
2010THOM03,power_law,1104.0,13.3,9.437347569265214,3.862652430734787
2010THOM03,power_law,1105.0,11.03,9.436562290430473,1.5934377095695265
2010THOM03,power_law,1106.0,10.05,9.435777954418917,0.6142220455810836
2010THOM03,power_law,1107.0,9.34,9.434994559247643,-0.09499455924764355
2010THOM03,power_law,1108.0,7.65,9.434212102939707,-1.7842121029397067
2010THOM03,power_law,1109.0,8.13,9.433430583524094,-1.3034305835240936
2010THOM03,power_law,1110.0,6.79,9.432649999035704,-2.6426499990357035
2010THOM03,power_law,1111.0,8.17,9.431870347515321,-1.2618703475153215
2010THOM03,power_law,1112.0,8.01,9.431091627009597,-1.4210916270095968
2010THOM03,power_law,1113.0,10.23,9.43031383557102,0.7996861644289801
2010THOM03,power_law,1114.0,8.02,9.429536971257903,-1.4095369712579036
2010THOM03,power_law,1115.0,8.35,9.42876103213435,-1.0787610321343504
2010THOM03,power_law,1116.0,9.85,9.427986016270244,0.4220139837297552
2010THOM03,power_law,1117.0,9.34,9.427211921741216,-0.08721192174121661
2010THOM03,power_law,1118.0,8.9,9.426438746628627,-0.5264387466286262
2010THOM03,power_law,1119.0,9.72,9.425666489019543,0.2943335109804579
2010THOM03,power_law,1120.0,11.36,9.424895147006719,1.9351048529932804
2010THOM03,power_law,1121.0,7.57,9.42412471868857,-1.8541247186885705
2010THOM03,power_law,1122.0,8.37,9.423355202169157,-1.0533552021691577
2010THOM03,power_law,1123.0,9.3,9.422586595558151,-0.12258659555815044
2010THOM03,power_law,1124.0,8.69,9.42181889697083,-0.7318188969708306
2010THOM03,power_law,1125.0,7.65,9.421052104528043,-1.7710521045280423
2010THOM03,power_law,1126.0,9.53,9.420286216356196,0.10971378364380335
2010THOM03,power_law,1127.0,6.78,9.419521230587229,-2.6395212305872287
2010THOM03,power_law,1128.0,9.22,9.41875714535859,-0.19875714535858968
2010THOM03,power_law,1129.0,10.58,9.417993958813225,1.1620060411867748
2010THOM03,power_law,1130.0,9.15,9.417231669099545,-0.26723166909954443
2010THOM03,power_law,1131.0,8.59,9.41647027437141,-0.8264702743714096
2010THOM03,power_law,1132.0,8.9,9.41570977278811,-0.5157097727881101
2010THOM03,power_law,1133.0,8.58,9.414950162514344,-0.8349501625143443
2010THOM03,power_law,1134.0,11.8,9.414191441720195,2.3858085582798054
2010THOM03,power_law,1135.0,8.35,9.413433608581116,-1.063433608581116
2010THOM03,power_law,1136.0,7.47,9.4126766612779,-1.9426766612778996
2010THOM03,power_law,1137.0,8.89,9.411920597996668,-0.521920597996667
2010THOM03,power_law,1138.0,12.69,9.411165416928851,3.2788345830711485
2010THOM03,power_law,1139.0,7.99,9.41041111627116,-1.4204111162711595
2010THOM03,power_law,1140.0,8.0,9.409657694225572,-1.4096576942255723
2010THOM03,power_law,1141.0,9.53,9.408905148999313,0.12109485100068618
2010THOM03,power_law,1142.0,7.34,9.408153478804826,-2.0681534788048257
2010THOM03,power_law,1143.0,8.67,9.407402681859766,-0.7374026818597663
2010THOM03,power_law,1144.0,7.99,9.406652756386972,-1.4166527563869717
2010THOM03,power_law,1145.0,8.44,9.40590370061445,-0.9659037006144509
2010THOM03,power_law,1146.0,11.03,9.405155512775352,1.6248444872246477
2010THOM03,power_law,1147.0,9.32,9.404408191107954,-0.08440819110795417
2010THOM03,power_law,1148.0,10.15,9.403661733855648,0.7463382661443525
2010THOM03,power_law,1149.0,8.29,9.402916139266903,-1.112916139266904
2010THOM03,power_law,1150.0,10.2,9.40217140559527,0.797828594404729
2010THOM03,power_law,1151.0,9.84,9.40142753109934,0.4385724689006594
2010THOM03,power_law,1152.0,7.22,9.40068451404274,-2.180684514042741
2010THOM03,power_law,1153.0,7.77,9.399942352694113,-1.6299423526941137
2010THOM03,power_law,1154.0,9.01,9.399201045327088,-0.38920104532708777
2010THOM03,power_law,1155.0,7.42,9.398460590220273,-1.9784605902202728
2010THOM03,power_law,1156.0,10.21,9.397720985657234,0.8122790143427672
2010THOM03,power_law,1157.0,8.09,9.396982229926472,-1.3069822299264722
2010THOM03,power_law,1158.0,6.89,9.39624432132141,-2.50624432132141
2010THOM03,power_law,1159.0,9.1,9.39550725814037,-0.29550725814037015
2010THOM03,power_law,1160.0,9.28,9.394771038686555,-0.11477103868655547
2010THOM03,power_law,1161.0,11.21,9.394035661268036,1.8159643387319644
2010THOM03,power_law,1162.0,9.16,9.393301124197732,-0.23330112419773208
2010THOM03,power_law,1163.0,9.57,9.392567425793384,0.17743257420661607
2010THOM03,power_law,1164.0,8.5,9.391834564377547,-0.8918345643775467
2010THOM03,power_law,1165.0,10.6,9.39110253827757,1.2088974617224295
2010THOM03,power_law,1166.0,8.83,9.390371345825574,-0.5603713458255744
2010THOM03,power_law,1167.0,10.55,9.389640985358438,1.1603590146415623
2010THOM03,power_law,1168.0,8.45,9.388911455217784,-0.9389114552177844
2010THOM03,power_law,1169.0,8.63,9.388182753749946,-0.7581827537499457
2010THOM03,power_law,1170.0,8.48,9.387454879305974,-0.9074548793059733
2010THOM03,power_law,1171.0,9.04,9.386727830241597,-0.3467278302415977
2010THOM03,power_law,1172.0,10.02,9.386001604917215,0.6339983950827843
2010THOM03,power_law,1173.0,7.0,9.385276201697888,-2.385276201697888
2010THOM03,power_law,1174.0,11.66,9.384551618953298,2.2754483810467026
2010THOM03,power_law,1175.0,11.7,9.383827855057756,2.316172144942243
2010THOM03,power_law,1176.0,10.73,9.38310490839017,1.3468950916098308
2010THOM03,power_law,1177.0,8.51,9.382382777334032,-0.8723827773340318
2010THOM03,power_law,1178.0,8.12,9.381661460277403,-1.261661460277404
2010THOM03,power_law,1179.0,10.45,9.380940955612893,1.0690590443871066
2010THOM03,power_law,1180.0,8.62,9.380221261737647,-0.760221261737648
2010THOM03,power_law,1181.0,10.78,9.379502377053328,1.4004976229466717
2010THOM03,power_law,1182.0,9.07,9.3787842999661,-0.30878429996609924
2010THOM03,power_law,1183.0,10.76,9.378067028886607,1.3819329711133932
2010THOM03,power_law,1184.0,8.42,9.377350562229966,-0.9573505622299656
2010THOM03,power_law,1185.0,9.08,9.376634898415745,-0.29663489841574453
2010THOM03,power_law,1186.0,9.55,9.375920035867944,0.17407996413205673
2010THOM03,power_law,1187.0,9.57,9.375205973014987,0.19479402698501325
2010THOM03,power_law,1188.0,9.04,9.374492708289695,-0.33449270828969624
2010THOM03,power_law,1189.0,7.09,9.373780240129285,-2.2837802401292855
2010THOM03,power_law,1190.0,8.3,9.373068566975336,-1.0730685669753353
2010THOM03,power_law,1191.0,9.37,9.372357687273785,-0.0023576872737862686
2010THOM03,power_law,1192.0,10.9,9.371647599474914,1.5283524005250868
2010THOM03,power_law,1193.0,11.25,9.37093830203332,1.87906169796668
2010THOM03,power_law,1194.0,11.33,9.370229793407912,1.9597702065920881
2010THOM03,power_law,1195.0,7.25,9.369522072061894,-2.119522072061894
2010THOM03,power_law,1196.0,8.26,9.368815136462743,-1.1088151364627432
2010THOM03,power_law,1197.0,7.73,9.368108985082198,-1.638108985082198
2010THOM03,power_law,1198.0,8.83,9.367403616396247,-0.5374036163962472
2010THOM03,power_law,1199.0,8.04,9.366699028885105,-1.3266990288851055
2010THOM03,power_law,1200.0,7.57,9.365995221033202,-1.795995221033202
2010THOM03,power_law,1201.0,7.03,9.365292191329171,-2.335292191329171
2010THOM03,power_law,1202.0,8.79,9.364589938265832,-0.5745899382658326
2010THOM03,power_law,1203.0,7.88,9.363888460340167,-1.4838884603401672
2010THOM03,power_law,1204.0,12.12,9.363187756053321,2.756812243946678
2010THOM03,power_law,1205.0,8.22,9.362487823910577,-1.1424878239105762
2010THOM03,power_law,1206.0,7.52,9.36178866242134,-1.8417886624213402
2010THOM03,power_law,1207.0,8.35,9.361090270099128,-1.0110902700991282
2010THOM03,power_law,1208.0,8.04,9.360392645461555,-1.3203926454615562
2010THOM03,power_law,1209.0,8.32,9.359695787030319,-1.0396957870303183
2010THOM03,power_law,1210.0,9.72,9.358999693331175,0.3610003066688261
2010THOM03,power_law,1211.0,9.96,9.35830436289394,0.6016956371060616
2010THOM03,power_law,1212.0,9.73,9.357609794252461,0.3723902057475392
2010THOM03,power_law,1213.0,7.77,9.356915985944617,-1.5869159859446178
2010THOM03,power_law,1214.0,7.96,9.356222936512285,-1.3962229365122854
2010THOM03,power_law,1215.0,8.72,9.355530644501345,-0.635530644501344
2010THOM03,power_law,1216.0,6.66,9.35483910846165,-2.6948391084616503
2010THOM03,power_law,1217.0,7.44,9.354148326947026,-1.9141483269470259
2010THOM03,power_law,1218.0,9.36,9.353458298515248,0.006541701484751528
2010THOM03,power_law,1219.0,10.66,9.352769021728026,1.3072309782719742
2010THOM03,power_law,1220.0,12.11,9.352080495150997,2.757919504849003
2010THOM03,power_law,1221.0,8.77,9.35139271735371,-0.5813927173537099
2010THOM03,power_law,1222.0,12.39,9.350705686909606,3.0392943130903944
2010THOM03,power_law,1223.0,21.22,9.350019402396008,11.869980597603991
2010THOM03,power_law,1224.0,10.0,9.349333862394113,0.6506661376058869
2010THOM03,power_law,1225.0,8.25,9.34864906548897,-1.0986490654889707
2010THOM03,power_law,1226.0,9.31,9.347965010269467,-0.03796501026946686
2010THOM03,power_law,1227.0,8.02,9.347281695328324,-1.327281695328324
2010THOM03,power_law,1228.0,9.11,9.34659911926207,-0.23659911926207045
2010THOM03,power_law,1229.0,9.63,9.34591728067104,0.28408271932896056
2010THOM03,power_law,1230.0,8.29,9.345236178159356,-1.0552361781593564
2010THOM03,power_law,1231.0,7.76,9.344555810334912,-1.584555810334912
2010THOM03,power_law,1232.0,8.02,9.343876175809363,-1.3238761758093638
2010THOM03,power_law,1233.0,7.68,9.343197273198113,-1.6631972731981133
2010THOM03,power_law,1234.0,7.62,9.3425191011203,-1.7225191011203007
2010THOM03,power_law,1235.0,7.65,9.341841658198785,-1.6918416581987845
2010THOM03,power_law,1236.0,9.68,9.341164943060136,0.33883505693986393
2010THOM03,power_law,1237.0,8.12,9.340488954334612,-1.2204889543346127
2010THOM03,power_law,1238.0,8.54,9.339813690656165,-0.7998136906561655
2010THOM03,power_law,1239.0,11.34,9.339139150662408,2.0008608493375917
2010THOM03,power_law,1240.0,9.0,9.338465332994614,-0.33846533299461434
2010THOM03,power_law,1241.0,9.87,9.3377922362977,0.5322077637022993
2010THOM03,power_law,1242.0,6.83,9.337119859220214,-2.5071198592202144
2010THOM03,power_law,1243.0,9.64,9.336448200414326,0.3035517995856747
2010THOM03,power_law,1244.0,10.15,9.335777258535803,0.8142227414641976
2010THOM03,power_law,1245.0,9.61,9.335107032244018,0.2748929677559815
2010THOM03,power_law,1246.0,10.38,9.334437520201917,1.0455624797980843
2010THOM03,power_law,1247.0,9.32,9.333768721076016,-0.013768721076015566
2010THOM03,power_law,1248.0,7.42,9.333100633536388,-1.9131006335363878
2010THOM03,power_law,1249.0,9.3,9.332433256256651,-0.03243325625665072
2010THOM03,power_law,1250.0,7.84,9.331766587913956,-1.4917665879139559
2010THOM03,power_law,1251.0,10.02,9.331100627188967,0.6888993728110329
2010THOM03,power_law,1252.0,10.78,9.330435372765864,1.4495646272341354
2010THOM03,power_law,1253.0,8.38,9.329770823332316,-0.9497708233323152
2010THOM03,power_law,1254.0,7.53,9.329106977579478,-1.799106977579478
2010THOM03,power_law,1255.0,7.38,9.328443834201977,-1.948443834201977
2010THOM03,power_law,1256.0,7.52,9.327781391897897,-1.8077813918978975
2010THOM03,power_law,1257.0,6.35,9.327119649368768,-2.9771196493687686
2010THOM03,power_law,1258.0,9.32,9.326458605319559,-0.00645860531955833
2010THOM03,power_law,1259.0,8.27,9.325798258458661,-1.0557982584586618
2010THOM03,power_law,1260.0,7.74,9.325138607497877,-1.5851386074978766
2010THOM03,power_law,1261.0,7.36,9.324479651152412,-1.9644796511524119
2010THOM03,power_law,1262.0,9.72,9.323821388140855,0.3961786118591455
2010THOM03,power_law,1263.0,9.02,9.323163817185176,-0.30316381718517604
2010THOM03,power_law,1264.0,6.21,9.322506937010708,-3.112506937010708
2010THOM03,power_law,1265.0,6.3,9.32185074634614,-3.02185074634614
2010THOM03,power_law,1266.0,6.18,9.321195243923501,-3.1411952439235016
2010THOM03,power_law,1267.0,10.34,9.320540428478152,1.019459571521848
2010THOM03,power_law,1268.0,7.75,9.319886298748774,-1.5698862987487736
2010THOM03,power_law,1269.0,8.62,9.319232853477356,-0.6992328534773566
2010THOM03,power_law,1270.0,10.3,9.318580091409181,0.9814199085908193
2010THOM03,power_law,1271.0,8.94,9.317928011292825,-0.37792801129282516
2010THOM03,power_law,1272.0,9.6,9.317276611880128,0.2827233881198712
2010THOM03,power_law,1273.0,9.33,9.316625891926204,0.01337410807379591
2010THOM03,power_law,1274.0,8.77,9.315975850189414,-0.5459758501894143
2010THOM03,power_law,1275.0,8.35,9.31532648543136,-0.9653264854313601
2010THOM03,power_law,1276.0,8.06,9.314677796416875,-1.2546777964168747
2010THOM03,power_law,1277.0,9.41,9.314029781914012,0.09597021808598782
2010THOM03,power_law,1278.0,8.18,9.313382440694031,-1.1333824406940316
2010THOM03,power_law,1279.0,8.57,9.312735771531393,-0.7427357715313931
2010THOM03,power_law,1280.0,9.08,9.312089773203741,-0.23208977320374125
2010THOM03,power_law,1281.0,9.27,9.311444444491896,-0.04144444449189599
2010THOM03,power_law,1282.0,9.87,9.310799784179844,0.5592002158201552
2010THOM03,power_law,1283.0,7.8,9.31015579105473,-1.5101557910547294
2010THOM03,power_law,1284.0,8.59,9.309512463906833,-0.7195124639068329
2010THOM03,power_law,1285.0,8.97,9.308869801529575,-0.33886980152957413
2010THOM03,power_law,1286.0,9.78,9.308227802719498,0.4717721972805009
2010THOM03,power_law,1287.0,9.72,9.307586466276256,0.4124135337237451
2010THOM03,power_law,1288.0,8.79,9.3069457910026,-0.5169457910026001
2010THOM03,power_law,1289.0,7.76,9.306305775704379,-1.5463057757043792
2010THOM03,power_law,1290.0,8.91,9.305666419190523,-0.3956664191905226
2010THOM03,power_law,1291.0,9.64,9.305027720273026,0.3349722797269745
2010THOM03,power_law,1292.0,10.21,9.304389677766952,0.9056103222330485
2010THOM03,power_law,1293.0,8.7,9.303752290490406,-0.6037522904904069
2010THOM03,power_law,1294.0,12.1,9.30311555726454,2.7968844427354593
2010THOM03,power_law,1295.0,8.89,9.302479476913533,-0.41247947691353204
2010THOM03,power_law,1296.0,7.3,9.30184404826458,-2.001844048264581
2010THOM03,power_law,1297.0,7.64,9.301209270147893,-1.6612092701478938
2010THOM03,power_law,1298.0,9.52,9.300575141396681,0.21942485860331828
2010THOM03,power_law,1299.0,11.66,9.299941660847137,2.3600583391528627
2010THOM03,power_law,1300.0,7.32,9.299308827338441,-1.979308827338441
2010THOM03,power_law,1301.0,10.08,9.29867663971274,0.78132336028726
2010THOM03,power_law,1302.0,10.86,9.298045096815141,1.5619549031848585
2010THOM03,power_law,1303.0,8.21,9.297414197493698,-1.0874141974936968
2010THOM03,power_law,1304.0,9.96,9.296783940599411,0.6632160594005896
2010THOM03,power_law,1305.0,11.47,9.296154324986206,2.173845675013794
2010THOM03,power_law,1306.0,7.03,9.295525349510932,-2.2655253495109315
2010THOM03,power_law,1307.0,8.68,9.294897013033347,-0.6148970130333478
2010THOM03,power_law,1308.0,8.43,9.294269314416116,-0.8642693144161164
2010THOM03,power_law,1309.0,7.81,9.293642252524785,-1.4836422525247857
2010THOM03,power_law,1310.0,10.66,9.293015826227794,1.366984173772206
2010THOM03,power_law,1311.0,7.92,9.29239003439645,-1.3723900343964495
2010THOM03,power_law,1312.0,7.67,9.29176487590492,-1.6217648759049208
2010THOM03,power_law,1313.0,10.98,9.291140349630236,1.6888596503697642
2010THOM03,power_law,1314.0,12.53,9.290516454452263,3.2394835455477367
2010THOM03,power_law,1315.0,9.54,9.289893189253704,0.2501068107462956
2010THOM03,power_law,1316.0,9.95,9.289270552920094,0.6607294470799054
2010THOM03,power_law,1317.0,9.64,9.288648544339775,0.3513514556602253
2010THOM03,power_law,1318.0,8.16,9.288027162403907,-1.1280271624039067
2010THOM03,power_law,1319.0,8.24,9.287406406006436,-1.047406406006436
2010THOM03,power_law,1320.0,9.71,9.286786274044106,0.423213725955895
2010THOM03,power_law,1321.0,8.06,9.286166765416436,-1.2261667654164352
2010THOM03,power_law,1322.0,6.93,9.28554787902572,-2.355547879025721
2010THOM03,power_law,1323.0,10.05,9.28492961377701,0.7650703862229911
2010THOM03,power_law,1324.0,7.16,9.284311968578109,-2.124311968578109
2010THOM03,power_law,1325.0,8.4,9.283694942339569,-0.8836949423395684
2010THOM03,power_law,1326.0,7.25,9.283078533974674,-2.033078533974674
2010THOM03,power_law,1327.0,6.23,9.282462742399428,-3.0524627423994275
2010THOM03,power_law,1328.0,9.52,9.281847566532562,0.23815243346743742
2010THOM03,power_law,1329.0,5.77,9.281233005295508,-3.5112330052955087
2010THOM03,power_law,1330.0,8.78,9.2806190576124,-0.5006190576124006
2010THOM03,power_law,1331.0,10.12,9.28000572241006,0.8399942775899394
2010THOM03,power_law,1332.0,7.25,9.279392998617993,-2.0293929986179933
2010THOM03,power_law,1333.0,7.67,9.278780885168377,-1.6087808851683771
2010THOM03,power_law,1334.0,7.34,9.278169380996054,-1.9381693809960545
2010THOM03,power_law,1335.0,9.62,9.277558485038522,0.342441514961477
2010THOM03,power_law,1336.0,9.34,9.276948196235926,0.06305180376407371
2010THOM03,power_law,1337.0,19.18,9.276338513531048,9.903661486468952
2010THOM03,power_law,1338.0,8.9,9.275729435869302,-0.3757294358693013
2010THOM03,power_law,1339.0,8.6,9.27512096219872,-0.6751209621987204
2010THOM03,power_law,1340.0,7.12,9.27451309146995,-2.1545130914699504
2010THOM03,power_law,1341.0,9.34,9.273905822636245,0.06609417736375534
2010THOM03,power_law,1342.0,8.42,9.27329915465345,-0.8532991546534507
2010THOM03,power_law,1343.0,8.98,9.272693086480004,-0.2926930864800035
2010THOM03,power_law,1344.0,9.4,9.272087617076917,0.1279123829230837
2010THOM03,power_law,1345.0,8.75,9.271482745407777,-0.5214827454077771
2010THOM03,power_law,1346.0,9.21,9.270878470438733,-0.06087847043873218
2010THOM03,power_law,1347.0,8.24,9.270274791138489,-1.0302747911384884
2010THOM03,power_law,1348.0,10.9,9.269671706478292,1.6303282935217087
2010THOM03,power_law,1349.0,8.5,9.26906921543193,-0.7690692154319301
2010THOM03,power_law,1350.0,9.57,9.268467316975721,0.3015326830242788
2010THOM03,power_law,1351.0,10.34,9.267866010088504,1.0721339899114959
2010THOM03,power_law,1352.0,10.92,9.267265293751635,1.6527347062483653
2010THOM03,power_law,1353.0,8.28,9.26666516694897,-0.9866651669489706
2010THOM03,power_law,1354.0,6.92,9.266065628666869,-2.346065628666869
2010THOM03,power_law,1355.0,10.91,9.265466677894175,1.6445333221058256
2010THOM03,power_law,1356.0,8.73,9.26486831362222,-0.5348683136222192
2010THOM03,power_law,1357.0,10.12,9.264270534844805,0.8557294651551945
2010THOM03,power_law,1358.0,11.53,9.2636733405582,2.2663266594418
2010THOM03,power_law,1359.0,10.5,9.263076729761131,1.2369232702388686
2010THOM03,power_law,1360.0,6.78,9.262480701454777,-2.4824807014547767
2010THOM03,power_law,1361.0,9.61,9.261885254642756,0.3481147453572433
2010THOM03,power_law,1362.0,8.03,9.261290388331123,-1.2312903883311233
2010THOM03,power_law,1363.0,8.85,9.26069610152836,-0.41069610152836056
2010THOM03,power_law,1364.0,9.16,9.260102393245372,-0.10010239324537196
2010THOM03,power_law,1365.0,12.28,9.259509262495467,3.0204907375045327
2010THOM03,power_law,1366.0,7.66,9.258916708294366,-1.5989167082943663
2010THOM03,power_law,1367.0,8.26,9.258324729660181,-0.9983247296601814
2010THOM03,power_law,1368.0,10.88,9.257733325613414,1.6222666743865872
2010THOM03,power_law,1369.0,8.55,9.25714249517695,-0.7071424951769494
2010THOM03,power_law,1370.0,8.54,9.256552237376045,-0.716552237376046
2010THOM03,power_law,1371.0,7.71,9.255962551238326,-1.5459625512383264
2010THOM03,power_law,1372.0,11.41,9.255373435793775,2.1546265642062252
2010THOM03,power_law,1373.0,6.79,9.254784890074726,-2.464784890074726
2010THOM03,power_law,1374.0,7.66,9.254196913115855,-1.594196913115855
2010THOM03,power_law,1375.0,10.25,9.253609503954182,0.9963904960458176
2010THOM03,power_law,1376.0,8.66,9.253022661629048,-0.5930226616290479
2010THOM03,power_law,1377.0,9.72,9.252436385182119,0.4675636148178821
2010THOM03,power_law,1378.0,8.3,9.251850673657378,-0.9518506736573773
2010THOM03,power_law,1379.0,7.42,9.251265526101111,-1.8312655261011113
2010THOM03,power_law,1380.0,9.8,9.25068094156191,0.5493190584380905
2010THOM03,power_law,1381.0,7.47,9.250096919090653,-1.7800969190906537
2010THOM03,power_law,1382.0,8.71,9.249513457740509,-0.5395134577405081
2010THOM03,power_law,1383.0,8.56,9.248930556566924,-0.6889305565669233
2010THOM03,power_law,1384.0,8.09,9.248348214627615,-1.1583482146276154
2010THOM03,power_law,1385.0,7.05,9.247766430982564,-2.197766430982564
2010THOM03,power_law,1386.0,9.18,9.24718520469401,-0.06718520469400957
2010THOM03,power_law,1387.0,5.73,9.24660453482644,-3.51660453482644
2010THOM03,power_law,1388.0,7.56,9.246024420446592,-1.686024420446592
2010THOM03,power_law,1389.0,6.45,9.245444860623431,-2.795444860623431
2010THOM03,power_law,1390.0,8.79,9.244865854428156,-0.4548658544281565
2010THOM03,power_law,1391.0,6.44,9.244287400934187,-2.8042874009341867
2010THOM03,power_law,1392.0,7.67,9.243709499217163,-1.5737094992171627
2010THOM03,power_law,1393.0,9.93,9.243132148354926,0.6868678516450739
2010THOM03,power_law,1394.0,7.17,9.242555347427523,-2.0725553474275227
2010THOM03,power_law,1395.0,7.57,9.241979095517195,-1.6719790955171945
2010THOM03,power_law,1396.0,8.73,9.241403391708372,-0.511403391708372
2010THOM03,power_law,1397.0,9.15,9.240828235087665,-0.09082823508766502
2010THOM03,power_law,1398.0,9.39,9.240253624743858,0.14974637525614298
2010THOM03,power_law,1399.0,8.24,9.239679559767906,-0.9996795597679053
2010THOM03,power_law,1400.0,8.86,9.23910603925292,-0.3791060392529211
2010THOM03,power_law,1401.0,6.32,9.238533062294172,-2.9185330622941716
2010THOM03,power_law,1402.0,7.05,9.237960627989075,-2.1879606279890753
2010THOM03,power_law,1403.0,10.16,9.237388735437191,0.9226112645628088
2010THOM03,power_law,1404.0,13.66,9.236817383740208,4.423182616259792
2010THOM03,power_law,1405.0,7.9,9.236246572001948,-1.3362465720019472
2010THOM03,power_law,1406.0,7.99,9.235676299328352,-1.2456762993283519
2010THOM03,power_law,1407.0,11.91,9.235106564827475,2.6748934351725246
2010THOM03,power_law,1408.0,8.61,9.234537367609487,-0.6245373676094879
2010THOM03,power_law,1409.0,8.31,9.23396870678665,-0.9239687067866491
2010THOM03,power_law,1410.0,8.81,9.233400581473328,-0.42340058147332726
2010THOM03,power_law,1411.0,10.6,9.23283299078597,1.367167009214029
2010THOM03,power_law,1412.0,10.26,9.232265933843113,1.0277340661568868
2010THOM03,power_law,1413.0,9.83,9.231699409765367,0.5983005902346328
2010THOM03,power_law,1414.0,6.86,9.23113341767541,-2.37113341767541
2010THOM03,power_law,1415.0,7.62,9.230567956697987,-1.6105679566979871
2010THOM03,power_law,1416.0,7.22,9.2300030259599,-2.010003025959901
2010THOM03,power_law,1417.0,8.88,9.22943862459,-0.3494386245899985
2010THOM03,power_law,1418.0,8.58,9.228874751719182,-0.6488747517191822
2010THOM03,power_law,1419.0,9.41,9.228311406480385,0.18168859351961508
2010THOM03,power_law,1420.0,7.87,9.227748588008573,-1.3577485880085733
2010THOM03,power_law,1421.0,6.89,9.22718629544074,-2.3371862954407403
2010THOM03,power_law,1422.0,9.26,9.226624527915902,0.033375472084097524
2010THOM03,power_law,1423.0,8.26,9.226063284575083,-0.9660632845750836
2010THOM03,power_law,1424.0,8.86,9.225502564561321,-0.36550256456132146
2010THOM03,power_law,1425.0,9.05,9.224942367019649,-0.17494236701964816
2010THOM03,power_law,1426.0,11.04,9.224382691097102,1.8156173089028975
2010THOM03,power_law,1427.0,7.78,9.2238235359427,-1.4438235359426992
2010THOM03,power_law,1428.0,7.88,9.223264900707447,-1.3432649007074469
2010THOM03,power_law,1429.0,10.73,9.222706784544327,1.5072932154556735
2010THOM03,power_law,1430.0,11.09,9.222149186608291,1.8678508133917084
2010THOM03,power_law,1431.0,7.57,9.22159210605626,-1.6515921060562597
2010THOM03,power_law,1432.0,7.81,9.221035542047112,-1.4110355420471121
2010THOM03,power_law,1433.0,9.18,9.220479493741678,-0.04047949374167814
2010THOM03,power_law,1434.0,7.0,9.219923960302738,-2.2199239603027383
2010THOM03,power_law,1435.0,7.7,9.219368940895016,-1.5193689408950162
2010THOM03,power_law,1436.0,9.2,9.218814434685166,-0.01881443468516686
2010THOM03,power_law,1437.0,9.08,9.218260440841778,-0.13826044084177802
2010THOM03,power_law,1438.0,10.56,9.217706958535363,1.3422930414646377
2010THOM03,power_law,1439.0,8.74,9.21715398693835,-0.4771539869383492
2010THOM03,power_law,1440.0,7.95,9.216601525225084,-1.2666015252250835
2010THOM03,power_law,1441.0,10.64,9.216049572571814,1.4239504274281867
2010THOM03,power_law,1442.0,7.74,9.215498128156693,-1.4754981281566923
2010THOM03,power_law,1443.0,7.58,9.214947191159766,-1.6349471911597657
2010THOM03,power_law,1444.0,7.94,9.214396760762972,-1.2743967607629711
2010THOM03,power_law,1445.0,8.77,9.21384683615013,-0.4438468361501311
2010THOM03,power_law,1446.0,6.89,9.213297416506943,-2.3232974165069438
2010THOM03,power_law,1447.0,9.09,9.212748501020982,-0.12274850102098256
2010THOM03,power_law,1448.0,9.17,9.212200088881685,-0.04220008888168536
2010THOM03,power_law,1449.0,8.35,9.211652179280357,-0.8616521792803571
2010THOM03,power_law,1450.0,7.85,9.211104771410156,-1.3611047714101563
2010THOM03,power_law,1451.0,10.51,9.210557864466088,1.299442135533912
2010THOM03,power_law,1452.0,8.77,9.21001145764501,-0.44001145764501004
2010THOM03,power_law,1453.0,7.43,9.209465550145614,-1.7794655501456145
2010THOM03,power_law,1454.0,8.08,9.20892014116843,-1.1289201411684306
2010THOM03,power_law,1455.0,7.94,9.208375229915813,-1.2683752299158124
2010THOM03,power_law,1456.0,11.6,9.207830815591944,2.392169184408056
2010THOM03,power_law,1457.0,9.61,9.20728689740282,0.4027131025971791
2010THOM03,power_law,1458.0,11.18,9.206743474556255,1.9732565254437446
2010THOM03,power_law,1459.0,8.82,9.206200546261861,-0.3862005462618612
2010THOM03,power_law,1460.0,7.52,9.20565811173106,-1.68565811173106
2010THOM03,power_law,1461.0,11.28,9.20511617017707,2.07488382982293
2010THOM03,power_law,1462.0,8.14,9.204574720814893,-1.0645747208148926
2010THOM03,power_law,1463.0,9.35,9.204033762861327,0.14596623713867274
2010THOM03,power_law,1464.0,8.69,9.203493295534944,-0.5134932955349445
2010THOM03,power_law,1465.0,10.33,9.202953318056089,1.127046681943911
2010THOM03,power_law,1466.0,9.38,9.202413829646884,0.1775861703531163
2010THOM03,power_law,1467.0,12.63,9.201874829531214,3.428125170468787
2010THOM03,power_law,1468.0,12.0,9.201336316934718,2.798663683065282
2010THOM03,power_law,1469.0,8.34,9.200798291084794,-0.8607982910847944
2010THOM03,power_law,1470.0,8.48,9.200260751210593,-0.7202607512105921
2010THOM03,power_law,1471.0,12.94,9.199723696543,3.7402763034569997
2010THOM03,power_law,1472.0,7.65,9.19918712631465,-1.5491871263146493
2010THOM03,power_law,1473.0,8.72,9.198651039759902,-0.4786510397599013
2010THOM03,power_law,1474.0,10.96,9.198115436114854,1.7618845638851468
2010THOM03,power_law,1475.0,10.43,9.197580314617316,1.232419685382684
2010THOM03,power_law,1476.0,9.14,9.197045674506828,-0.05704567450682774
2010THOM03,power_law,1477.0,10.61,9.196511515024635,1.413488484975364
2010THOM03,power_law,1478.0,9.33,9.195977835413697,0.13402216458630356
2010THOM03,power_law,1479.0,8.28,9.195444634918672,-0.9154446349186731
2010THOM03,power_law,1480.0,8.29,9.194911912785921,-0.9049119127859218
2010THOM03,power_law,1481.0,10.34,9.194379668263496,1.1456203317365041
2010THOM03,power_law,1482.0,9.76,9.193847900601138,0.5661520993988614
2010THOM03,power_law,1483.0,9.84,9.193316609050274,0.6466833909497254
2010THOM03,power_law,1484.0,7.79,9.19278579286401,-1.4027857928640097
2010THOM03,power_law,1485.0,9.87,9.19225545129712,0.6777445487028793
2010THOM03,power_law,1486.0,7.95,9.191725583606054,-1.241725583606054
2010THOM03,power_law,1487.0,8.08,9.19119618904892,-1.1111961890489201
2010THOM03,power_law,1488.0,10.48,9.190667266885495,1.289332733114506
2010THOM03,power_law,1489.0,9.19,9.1901388163772,-0.00013881637720025708
2010THOM03,power_law,1490.0,8.31,9.189610836787113,-0.879610836787112
2010THOM03,power_law,1491.0,11.2,9.18908332737995,2.0109166726200485
2010THOM03,power_law,1492.0,8.56,9.188556287422077,-0.6285562874220769
2010THOM03,power_law,1493.0,8.45,9.188029716181488,-0.7380297161814884
2010THOM03,power_law,1494.0,7.27,9.187503612927808,-1.917503612927808
2010THOM03,power_law,1495.0,6.93,9.18697797693229,-2.2569779769322906
2010THOM03,power_law,1496.0,9.62,9.18645280746781,0.4335471925321901
2010THOM03,power_law,1497.0,9.4,9.185928103808855,0.21407189619114497
2010THOM03,power_law,1498.0,10.03,9.18540386523153,0.8445961347684694
2010THOM03,power_law,1499.0,8.66,9.184880091013545,-0.5248800910135447
2010THOM03,power_law,1500.0,8.8,9.18435678043421,-0.38435678043421007
2010THOM03,power_law,1501.0,8.8,9.18383393277444,-0.38383393277444
2010THOM03,power_law,1502.0,11.61,9.183311547316734,2.4266884526832655
2010THOM03,power_law,1503.0,7.84,9.182789623345187,-1.3427896233451868
2010THOM03,power_law,1504.0,13.87,9.182268160145474,4.687731839854525
2010THOM03,power_law,1505.0,8.02,9.181747157004853,-1.1617471570048536
2010THOM03,power_law,1506.0,8.95,9.181226613212155,-0.2312266132121561
2010THOM03,power_law,1507.0,10.2,9.180706528057783,1.0192934719422162
2010THOM03,power_law,1508.0,7.6,9.180186900833705,-1.5801869008337057
2010THOM03,power_law,1509.0,9.49,9.179667730833451,0.3103322691665493
2010THOM03,power_law,1510.0,10.25,9.17914901735211,1.0708509826478902
2010THOM03,power_law,1511.0,6.98,9.178630759686317,-2.198630759686317
2010THOM03,power_law,1512.0,9.25,9.178112957134264,0.0718870428657361
2010THOM03,power_law,1513.0,10.73,9.177595608995682,1.552404391004318
2010THOM03,power_law,1514.0,8.17,9.177078714571843,-1.0070787145718434
2010THOM03,power_law,1515.0,10.36,9.176562273165551,1.1834377268344483
2010THOM03,power_law,1516.0,10.9,9.176046284081146,1.7239537159188547
2010THOM03,power_law,1517.0,7.82,9.17553074662449,-1.3555307466244901
2010THOM03,power_law,1518.0,10.27,9.175015660102968,1.0949843398970316
2010THOM03,power_law,1519.0,8.11,9.174501023825481,-1.064501023825482
2010THOM03,power_law,1520.0,8.81,9.173986837102447,-0.3639868371024466
2010THOM03,power_law,1521.0,7.4,9.17347309924579,-1.7734730992457894
2010THOM03,power_law,1522.0,9.01,9.172959809568939,-0.16295980956893885
2010THOM03,power_law,1523.0,10.42,9.172446967386826,1.2475530326131743
2010THOM03,power_law,1524.0,6.26,9.171934572015873,-2.9119345720158734
2010THOM03,power_law,1525.0,8.66,9.171422622774001,-0.5114226227740009
2010THOM03,power_law,1526.0,5.57,9.170911118980614,-3.600911118980614
2010THOM03,power_law,1527.0,7.13,9.170400059956602,-2.0404000599566023
2010THOM03,power_law,1528.0,7.79,9.169889445024332,-1.3798894450243315
2010THOM03,power_law,1529.0,7.06,9.169379273507648,-2.109379273507648
2010THOM03,power_law,1530.0,8.97,9.168869544731862,-0.19886954473186158
2010THOM03,power_law,1531.0,9.06,9.168360258023757,-0.10836025802375637
2010THOM03,power_law,1532.0,9.08,9.167851412711574,-0.08785141271157393
2010THOM03,power_law,1533.0,7.47,9.167343008125016,-1.6973430081250163
2010THOM03,power_law,1534.0,8.91,9.166835043595238,-0.25683504359523823
2010THOM03,power_law,1535.0,11.22,9.166327518454846,2.0536724815451546
2010THOM03,power_law,1536.0,11.07,9.165820432037894,1.9041795679621067
2010THOM03,power_law,1537.0,9.43,9.165313783679872,0.26468621632012734
2010THOM03,power_law,1538.0,10.12,9.164807572717717,0.9551924272822827
2010THOM03,power_law,1539.0,8.06,9.164301798489792,-1.1043017984897912
2010THOM03,power_law,1540.0,9.46,9.163796460335895,0.2962035396641056
2010THOM03,power_law,1541.0,10.44,9.163291557597246,1.2767084424027537
2010THOM03,power_law,1542.0,9.3,9.16278708961649,0.1372129103835107
2010THOM03,power_law,1543.0,9.4,9.162283055737689,0.2377169442623117
2010THOM03,power_law,1544.0,9.79,9.161779455306316,0.6282205446936828
2010THOM03,power_law,1545.0,9.56,9.16127628766926,0.39872371233074055
2010THOM03,power_law,1546.0,10.12,9.16077355217481,0.9592264478251895
2010THOM03,power_law,1547.0,8.4,9.160271248172663,-0.7602712481726623
2010THOM03,power_law,1548.0,12.31,9.159769375013907,3.1502306249860936
2010THOM03,power_law,1549.0,7.34,9.15926793205103,-1.81926793205103
2010THOM03,power_law,1550.0,9.7,9.158766918637909,0.5412330813620905
2010THOM03,power_law,1551.0,9.05,9.158266334129806,-0.10826633412980513
2010THOM03,power_law,1552.0,8.7,9.157766177883367,-0.45776617788336793
2010THOM03,power_law,1553.0,9.6,9.157266449256616,0.44273355074338383
2010THOM03,power_law,1554.0,7.63,9.156767147608951,-1.5267671476089513
2010THOM03,power_law,1555.0,7.32,9.156268272301146,-1.8362682723011456
2010THOM03,power_law,1556.0,9.73,9.155769822695335,0.5742301773046652
2010THOM03,power_law,1557.0,9.62,9.15527179815502,0.464728201844979
2010THOM03,power_law,1558.0,9.93,9.154774198045063,0.775225801954937
2010THOM03,power_law,1559.0,7.67,9.15427702173168,-1.48427702173168
2010THOM03,power_law,1560.0,7.88,9.15378026858244,-1.2737802685824393
2010THOM03,power_law,1561.0,10.5,9.153283937966258,1.3467160620337424
2010THOM03,power_law,1562.0,12.16,9.152788029253399,3.007211970746601
2010THOM03,power_law,1563.0,8.9,9.152292541815466,-0.252292541815466
2010THOM03,power_law,1564.0,10.29,9.151797475025397,1.1382025249746022
2010THOM03,power_law,1565.0,11.31,9.151302828257466,2.158697171742535
2010THOM03,power_law,1566.0,10.24,9.150808600887277,1.089191399112723
2010THOM03,power_law,1567.0,9.18,9.15031479229176,0.02968520770824057
2010THOM03,power_law,1568.0,7.36,9.149821401849167,-1.7898214018491663
2010THOM03,power_law,1569.0,9.26,9.149328428939068,0.11067157106093184
2010THOM03,power_law,1570.0,11.13,9.14883587294235,1.9811641270576512
2010THOM03,power_law,1571.0,11.3,9.14834373324121,2.15165626675879
2010THOM03,power_law,1572.0,11.89,9.147852009219157,2.7421479907808433
2010THOM03,power_law,1573.0,6.93,9.147360700260998,-2.2173607002609987
2010THOM03,power_law,1574.0,10.41,9.146869805752846,1.2631301942471538
2010THOM03,power_law,1575.0,8.63,9.146379325082108,-0.5163793250821076
2010THOM03,power_law,1576.0,9.45,9.145889257637485,0.30411074236251423
2010THOM03,power_law,1577.0,8.39,9.145399602808972,-0.7553996028089713
2010THOM03,power_law,1578.0,6.93,9.144910359987847,-2.2149103599878472
2010THOM03,power_law,1579.0,8.78,9.144421528566669,-0.36442152856666965
2010THOM03,power_law,1580.0,7.42,9.143933107939283,-1.723933107939283
2010THOM03,power_law,1581.0,12.32,9.143445097500802,3.1765549024991984
2010THOM03,power_law,1582.0,12.07,9.14295749664762,2.9270425033523804
2010THOM03,power_law,1583.0,10.89,9.142470304777394,1.7475296952226067
2010THOM03,power_law,1584.0,10.32,9.141983521289047,1.178016478710953
2010THOM03,power_law,1585.0,9.71,9.141497145582768,0.5685028544172326
2010THOM03,power_law,1586.0,9.31,9.141011177060005,0.16898882293999584
2010THOM03,power_law,1587.0,6.82,9.140525615123451,-2.320525615123451
2010THOM03,power_law,1588.0,8.64,9.140040459177065,-0.5000404591770646
2010THOM03,power_law,1589.0,11.02,9.139555708626045,1.880444291373955
2010THOM03,power_law,1590.0,9.1,9.139071362876837,-0.03907136287683777
2010THOM03,power_law,1591.0,8.25,9.13858742133713,-0.8885874213371299
2010THOM03,power_law,1592.0,6.87,9.138103883415848,-2.268103883415848
2010THOM03,power_law,1593.0,8.23,9.137620748523155,-0.9076207485231542
2010THOM03,power_law,1594.0,8.78,9.137138016070438,-0.35713801607043827
2010THOM03,power_law,1595.0,8.57,9.136655685470322,-0.5666556854703213
2010THOM03,power_law,1596.0,8.8,9.13617375613665,-0.3361737561366489
2010THOM03,power_law,1597.0,9.28,9.13569222748449,0.14430777251550886
2010THOM03,power_law,1598.0,9.37,9.135211098930126,0.23478890106987294
2010THOM03,power_law,1599.0,6.95,9.134730369891061,-2.184730369891061
2010THOM03,power_law,1600.0,12.85,9.134250039786004,3.715749960213996
2010THOM03,power_law,1601.0,9.77,9.133770108034877,0.6362298919651224
2010THOM03,power_law,1602.0,9.18,9.133290574058803,0.04670942594119687
2010THOM03,power_law,1603.0,7.77,9.132811437280111,-1.3628114372801114
2010THOM03,power_law,1604.0,7.5,9.132332697122326,-1.632332697122326
2010THOM03,power_law,1605.0,7.2,9.131854353010173,-1.9318543530101726
2010THOM03,power_law,1606.0,9.23,9.131376404369558,0.09862359563044265
2010THOM03,power_law,1607.0,10.86,9.13089885062759,1.7291011493724096
2010THOM03,power_law,1608.0,7.43,9.130421691212554,-1.7004216912125543
2010THOM03,power_law,1609.0,9.72,9.129944925553922,0.5900550744460791
2010THOM03,power_law,1610.0,8.49,9.12946855308234,-0.6394685530823399
2010THOM03,power_law,1611.0,10.02,9.128992573229642,0.8910074267703578
2010THOM03,power_law,1612.0,12.06,9.12851698542882,2.93148301457118
2010THOM03,power_law,1613.0,7.97,9.128041789114048,-1.1580417891140486
2010THOM03,power_law,1614.0,9.83,9.12756698372066,0.7024330162793397
2010THOM03,power_law,1615.0,7.15,9.127092568685157,-1.9770925686851566
2010THOM03,power_law,1616.0,9.97,9.126618543445197,0.8433814565548037
2010THOM03,power_law,1617.0,7.01,9.1261449074396,-2.116144907439601
2010THOM03,power_law,1618.0,8.32,9.125671660108338,-0.805671660108338
2010THOM03,power_law,1619.0,9.64,9.125198800892534,0.5148011991074668
2010THOM03,power_law,1620.0,7.53,9.124726329234456,-1.5947263292344553
2010THOM03,power_law,1621.0,10.09,9.124254244577527,0.9657457554224731
2010THOM03,power_law,1622.0,8.46,9.1237825463663,-0.6637825463662992
2010THOM03,power_law,1623.0,6.69,9.123311234046476,-2.4333112340464753
2010THOM03,power_law,1624.0,10.16,9.122840307064887,1.0371596929351128
2010THOM03,power_law,1625.0,8.2,9.1223697648695,-0.9223697648695008
2010THOM03,power_law,1626.0,9.4,9.12189960690941,0.27810039309058965
2010THOM03,power_law,1627.0,9.14,9.121429832634846,0.018570167365155044
2010THOM03,power_law,1628.0,8.46,9.120960441497147,-0.6609604414971457
2010THOM03,power_law,1629.0,7.71,9.120491432948787,-1.4104914329487874
2010THOM03,power_law,1630.0,7.77,9.12002280644335,-1.3500228064433504
2010THOM03,power_law,1631.0,7.78,9.119554561435539,-1.3395545614355386
2010THOM03,power_law,1632.0,10.45,9.119086697381166,1.3309133026188338
2010THOM03,power_law,1633.0,8.73,9.118619213737151,-0.3886192137371509
2010THOM03,power_law,1634.0,8.84,9.118152109961528,-0.2781521099615283
2010THOM03,power_law,1635.0,9.81,9.117685385513425,0.692314614486575
2010THOM03,power_law,1636.0,14.06,9.117219039853074,4.942780960146926
2010THOM03,power_law,1637.0,10.79,9.116753072441805,1.6732469275581945
2010THOM03,power_law,1638.0,7.65,9.116287482742042,-1.4662874827420413
2010THOM03,power_law,1639.0,9.12,9.1158222702173,0.0041777297826985915
2010THOM03,power_law,1640.0,7.88,9.115357434332186,-1.2353574343321858
2010THOM03,power_law,1641.0,8.43,9.114892974552387,-0.6848929745523868
2010THOM03,power_law,1642.0,10.69,9.114428890344676,1.575571109655323
2010THOM03,power_law,1643.0,7.95,9.113965181176908,-1.1639651811769083
2010THOM03,power_law,1644.0,8.44,9.113501846518014,-0.6735018465180147
2010THOM03,power_law,1645.0,7.48,9.113038885837996,-1.6330388858379958
2010THOM03,power_law,1646.0,7.49,9.112576298607934,-1.6225762986079335
2010THOM03,power_law,1647.0,10.41,9.112114084299971,1.2978859157000286
2010THOM03,power_law,1648.0,8.99,9.111652242387319,-0.12165224238731831
2010THOM03,power_law,1649.0,8.87,9.111190772344253,-0.2411907723442539
2010THOM03,power_law,1650.0,8.45,9.110729673646109,-0.6607296736461095
2010THOM03,power_law,1651.0,10.19,9.110268945769278,1.079731054230722
2010THOM03,power_law,1652.0,10.21,9.109808588191209,1.100191411808792
2010THOM03,power_law,1653.0,6.48,9.109348600390401,-2.6293486003904007
2010THOM03,power_law,1654.0,9.19,9.108888981846404,0.08111101815359589
2010THOM03,power_law,1655.0,6.99,9.108429732039811,-2.118429732039811
2010THOM03,power_law,1656.0,12.09,9.107970850452265,2.982029149547735
2010THOM03,power_law,1657.0,8.63,9.107512336566446,-0.4775123365664449
2010THOM03,power_law,1658.0,8.94,9.107054189866071,-0.16705418986607157
2010THOM03,power_law,1659.0,9.44,9.106596409835896,0.33340359016410304
2010THOM03,power_law,1660.0,8.4,9.10613899596171,-0.7061389959617088
2010THOM03,power_law,1661.0,8.4,9.10568194773033,-0.70568194773033
2010THOM03,power_law,1662.0,8.29,9.105225264629603,-0.8152252646296034
2010THOM03,power_law,1663.0,11.75,9.104768946148397,2.645231053851603
2010THOM03,power_law,1664.0,12.84,9.10431299177661,3.7356870082233904
2010THOM03,power_law,1665.0,7.7,9.10385740100515,-1.4038574010051503
2010THOM03,power_law,1666.0,6.95,9.10340217332595,-2.15340217332595
2010THOM03,power_law,1667.0,9.39,9.102947308231954,0.2870526917680465
2010THOM03,power_law,1668.0,12.3,9.102492805217116,3.197507194782885
2010THOM03,power_law,1669.0,7.84,9.102038663776401,-1.2620386637764014
2010THOM03,power_law,1670.0,7.62,9.101584883405781,-1.4815848834057812
2010THOM03,power_law,1671.0,8.3,9.101131463602234,-0.8011314636022338
2010THOM03,power_law,1672.0,7.86,9.100678403863734,-1.2406784038637335
2010THOM03,power_law,1673.0,8.19,9.100225703689254,-0.9102257036892549
2010THOM03,power_law,1674.0,8.83,9.099773362578771,-0.26977336257877127
2010THOM03,power_law,1675.0,9.31,9.099321380033247,0.2106786199667532
2010THOM03,power_law,1676.0,8.82,9.098869755554638,-0.2788697555546378
2010THOM03,power_law,1677.0,8.73,9.098418488645889,-0.36841848864588833
2010THOM03,power_law,1678.0,8.65,9.097967578810929,-0.4479675788109283
2010THOM03,power_law,1679.0,7.32,9.097517025554671,-1.7775170255546708
2010THOM03,power_law,1680.0,8.86,9.097066828383012,-0.2370668283830124
2010THOM03,power_law,1681.0,10.41,9.096616986802822,1.3133830131971784
2010THOM03,power_law,1682.0,10.46,9.096167500321952,1.3638324996780486
2010THOM03,power_law,1683.0,8.46,9.095718368449221,-0.6357183684492203
2010THOM03,power_law,1684.0,10.93,9.095269590694423,1.8347304093055765
2010THOM03,power_law,1685.0,12.19,9.094821166568318,3.0951788334316817
2010THOM03,power_law,1686.0,7.59,9.094373095582633,-1.5043730955826327
2010THOM03,power_law,1687.0,9.35,9.093925377250056,0.25607462274994397
2010THOM03,power_law,1688.0,9.4,9.093478011084237,0.30652198891576354
2010THOM03,power_law,1689.0,9.65,9.093030996599788,0.5569690034002122
2010THOM03,power_law,1690.0,8.01,9.09258433331227,-1.0825843333122709
2010THOM03,power_law,1691.0,7.75,9.092138020738204,-1.3421380207382043
2010THOM03,power_law,1692.0,16.04,9.091692058395056,6.948307941604943
2010THOM03,power_law,1693.0,8.09,9.091246445801247,-1.0012464458012467
2010THOM03,power_law,1694.0,9.82,9.090801182476138,0.7291988175238622
2010THOM03,power_law,1695.0,10.36,9.090356267940038,1.2696437320599614
2010THOM03,power_law,1696.0,9.96,9.089911701714195,0.8700882982858058
2010THOM03,power_law,1697.0,10.97,9.089467483320798,1.880532516679203
2010THOM03,power_law,1698.0,10.14,9.089023612282968,1.0509763877170322
2010THOM03,power_law,1699.0,11.23,9.088580088124768,2.141419911875232
2010THOM03,power_law,1700.0,7.16,9.088136910371187,-1.9281369103711867
2010THOM03,power_law,1701.0,9.75,9.087694078548143,0.662305921451857
2010THOM03,power_law,1702.0,8.51,9.087251592182483,-0.577251592182483
2010THOM03,power_law,1703.0,9.62,9.08680945080198,0.5331905491980198
2010THOM03,power_law,1704.0,8.78,9.086367653935323,-0.3063676539353235
2010THOM03,power_law,1705.0,7.67,9.085926201112132,-1.415926201112132
2010THOM03,power_law,1706.0,9.28,9.085485091862934,0.19451490813706585
2010THOM03,power_law,1707.0,7.17,9.085044325719176,-1.915044325719176
2010THOM03,power_law,1708.0,9.68,9.08460390221322,0.5953960977867805
2010THOM03,power_law,1709.0,12.02,9.084163820878334,2.935836179121665
2010THOM03,power_law,1710.0,10.21,9.083724081248697,1.126275918751304
2010THOM03,power_law,1711.0,11.5,9.083284682859393,2.416715317140607
2010THOM03,power_law,1712.0,7.16,9.082845625246414,-1.9228456252464134
2010THOM03,power_law,1713.0,8.0,9.082406907946647,-1.0824069079466465
2010THOM03,power_law,1714.0,8.54,9.081968530497882,-0.5419685304978827
2010THOM03,power_law,1715.0,10.91,9.081530492438803,1.8284695075611967
2010THOM03,power_law,1716.0,9.23,9.081092793308995,0.1489072066910051
2010THOM03,power_law,1717.0,9.96,9.080655432648932,0.8793445673510689
2010THOM03,power_law,1718.0,8.59,9.080218409999972,-0.49021840999997224
2010THOM03,power_law,1719.0,10.01,9.079781724904372,0.930218275095628
2010THOM03,power_law,1720.0,7.82,9.079345376905266,-1.2593453769052658
2010THOM03,power_law,1721.0,11.02,9.078909365546675,1.9410906344533245
2010THOM03,power_law,1722.0,9.04,9.078473690373505,-0.038473690373505676
2010THOM03,power_law,1723.0,8.18,9.078038350931532,-0.8980383509315324
2010THOM03,power_law,1724.0,7.96,9.077603346767418,-1.1176033467674182
2010THOM03,power_law,1725.0,12.05,9.077168677428693,2.9728313225713077
2010THOM03,power_law,1726.0,7.86,9.076734342463764,-1.2167343424637638
2010THOM03,power_law,1727.0,9.02,9.076300341421906,-0.0563003414219061
2010THOM03,power_law,1728.0,8.26,9.07586667385326,-0.815866673853261
2010THOM03,power_law,1729.0,11.11,9.075433339308839,2.0345666606911603
2010THOM03,power_law,1730.0,9.03,9.075000337340516,-0.04500033734051634
2010THOM03,power_law,1731.0,8.62,9.074567667501023,-0.4545676675010242
2010THOM03,power_law,1732.0,8.68,9.074135329343957,-0.3941353293439569
2010THOM03,power_law,1733.0,9.91,9.073703322423766,0.8362966775762342
2010THOM03,power_law,1734.0,6.41,9.07327164629576,-2.66327164629576
2010THOM03,power_law,1735.0,8.54,9.072840300516098,-0.5328403005160993
2010THOM03,power_law,1736.0,8.81,9.07240928464179,-0.26240928464178914
2010THOM03,power_law,1737.0,14.74,9.071978598230697,5.668021401769304
2010THOM03,power_law,1738.0,10.37,9.071548240841523,1.2984517591584765
2010THOM03,power_law,1739.0,7.38,9.071118212033818,-1.6911182120338184
2010THOM03,power_law,1740.0,7.36,9.070688511367978,-1.7106885113679775
2010THOM03,power_law,1741.0,8.3,9.070259138405234,-0.7702591384052333
2010THOM03,power_law,1742.0,8.98,9.069830092707658,-0.08983009270765763
2010THOM03,power_law,1743.0,8.67,9.069401373838161,-0.39940137383816143
2010THOM03,power_law,1744.0,7.6,9.068972981360481,-1.4689729813604817
2010THOM03,power_law,1745.0,9.72,9.068544914839192,0.6514550851608085
2010THOM03,power_law,1746.0,9.69,9.0681171738397,0.6218828261602987
2010THOM03,power_law,1747.0,10.33,9.067689757928239,1.2623102420717611
2010THOM03,power_law,1748.0,9.51,9.067262666671862,0.4427373333281377
2010THOM03,power_law,1749.0,8.13,9.066835899638454,-0.9368358996384529
2010THOM03,power_law,1750.0,8.59,9.066409456396716,-0.4764094563967163
2010THOM03,power_law,1751.0,9.7,9.065983336516174,0.6340166634838251
2010THOM03,power_law,1752.0,6.59,9.065557539567168,-2.475557539567168
2010THOM03,power_law,1753.0,9.89,9.065132065120853,0.8248679348791477
2010THOM03,power_law,1754.0,9.27,9.064706912749202,0.20529308725079787
2010THOM03,power_law,1755.0,8.7,9.064282082024995,-0.3642820820249959
2010THOM03,power_law,1756.0,7.85,9.063857572521826,-1.2138575725218264
2010THOM03,power_law,1757.0,9.68,9.063433383814091,0.6165666161859082
2010THOM03,power_law,1758.0,8.11,9.063009515476999,-0.9530095154769995
2010THOM03,power_law,1759.0,14.08,9.062585967086555,5.017414032913445
2010THOM03,power_law,1760.0,7.78,9.062162738219575,-1.2821627382195748
2010THOM03,power_law,1761.0,7.93,9.061739828453666,-1.1317398284536662
2010THOM03,power_law,1762.0,12.42,9.061317237367236,3.358682762632764
2010THOM03,power_law,1763.0,8.77,9.06089496453949,-0.2908949645394898
2010THOM03,power_law,1764.0,10.84,9.060473009550426,1.7795269904495736
2010THOM03,power_law,1765.0,9.66,9.060051371980835,0.599948628019165
2010THOM03,power_law,1766.0,8.81,9.059630051412297,-0.24963005141229644
2010THOM03,power_law,1767.0,14.06,9.059209047427178,5.000790952572823
2010THOM03,power_law,1768.0,8.0,9.058788359608634,-1.0587883596086343
2010THOM03,power_law,1769.0,9.18,9.058367987540604,0.12163201245939526
2010THOM03,power_law,1770.0,8.8,9.057947930807808,-0.2579479308078074
2010THOM03,power_law,1771.0,13.05,9.057528188995748,3.9924718110042523
2010THOM03,power_law,1772.0,9.09,9.057108761690703,0.032891238309296966
2010THOM03,power_law,1773.0,8.05,9.056689648479729,-1.0066896484797283
2010THOM03,power_law,1774.0,8.98,9.05627084895066,-0.07627084895066005
2010THOM03,power_law,1775.0,7.76,9.055852362692097,-1.2958523626920968
2010THOM03,power_law,1776.0,7.8,9.055434189293415,-1.2554341892934149
2010THOM03,power_law,1777.0,8.59,9.055016328344756,-0.46501632834475615
2010THOM03,power_law,1778.0,8.51,9.054598779437036,-0.5445987794370364
2010THOM03,power_law,1779.0,9.88,9.05418154216193,0.8258184578380714
2010THOM03,power_law,1780.0,7.9,9.053764616111874,-1.1537646161118733
2010THOM03,power_law,1781.0,7.63,9.053348000880074,-1.4233480008800745
2010THOM03,power_law,1782.0,9.19,9.052931696060488,0.13706830393951108
2010THOM03,power_law,1783.0,8.33,9.052515701247838,-0.722515701247838
2010THOM03,power_law,1784.0,10.51,9.052100016037597,1.4578999839624025
2010THOM03,power_law,1785.0,11.98,9.051684640025995,2.9283153599740057
2010THOM03,power_law,1786.0,8.78,9.051269572810014,-0.27126957281001474
2010THOM03,power_law,1787.0,8.72,9.050854813987385,-0.3308548139873846
2010THOM03,power_law,1788.0,7.96,9.050440363156591,-1.090440363156591
2010THOM03,power_law,1789.0,7.43,9.050026219916859,-1.6200262199168591
2010THOM03,power_law,1790.0,12.06,9.049612383868164,3.010387616131837
2010THOM03,power_law,1791.0,9.18,9.04919885461122,0.13080114538878007
2010THOM03,power_law,1792.0,7.7,9.048785631747485,-1.348785631747485
2010THOM03,power_law,1793.0,10.97,9.04837271487916,1.9216272851208398
2010THOM03,power_law,1794.0,8.27,9.047960103609178,-0.7779601036091783
2010THOM03,power_law,1795.0,8.08,9.047547797541213,-0.9675477975412132
2010THOM03,power_law,1796.0,8.63,9.04713579627967,-0.4171357962796698
2010THOM03,power_law,1797.0,9.52,9.046724099429689,0.4732759005703109
2010THOM03,power_law,1798.0,9.95,9.04631270659714,0.903687293402859
2010THOM03,power_law,1799.0,10.18,9.045901617388623,1.134098382611377
2010THOM03,power_law,1800.0,10.62,9.04549083141146,1.5745091685885395
2010THOM03,power_law,1801.0,10.13,9.045080348273709,1.0849196517262918
2010THOM03,power_law,1802.0,10.35,9.044670167584144,1.3053298324158558
2010THOM03,power_law,1803.0,8.38,9.044260288952263,-0.6642602889522617
2010THOM03,power_law,1804.0,8.78,9.043850711988282,-0.26385071198828314
2010THOM03,power_law,1805.0,8.17,9.043441436303143,-0.8734414363031426
2010THOM03,power_law,1806.0,8.97,9.043032461508497,-0.07303246150849674
2010THOM03,power_law,1807.0,22.07,9.042623787216716,13.027376212783285
2010THOM03,power_law,1808.0,11.13,9.04221541304088,2.0877845869591205
2010THOM03,power_law,1809.0,8.19,9.041807338594786,-0.8518073385947869
2010THOM03,power_law,1810.0,9.63,9.041399563492938,0.588600436507063
2010THOM03,power_law,1811.0,8.81,9.040992087350551,-0.23099208735055043
2010THOM03,power_law,1812.0,9.75,9.040584909783544,0.7094150902164564
2010THOM03,power_law,1813.0,12.29,9.040178030408542,3.2498219695914567
2010THOM03,power_law,1814.0,10.39,9.039771448842874,1.3502285511571266
2010THOM03,power_law,1815.0,14.73,9.039365164704572,5.690634835295429
2010THOM03,power_law,1816.0,8.47,9.038959177612362,-0.5689591776123617
2010THOM03,power_law,1817.0,12.06,9.038553487185677,3.0214465128143235
2010THOM03,power_law,1818.0,10.15,9.03814809304464,1.1118519069553603
2010THOM03,power_law,1819.0,10.33,9.037742994810072,1.2922570051899278
2010THOM03,power_law,1820.0,10.95,9.037338192103487,1.9126618078965123
2010THOM03,power_law,1821.0,10.02,9.03693368454709,0.9830663154529091
2010THOM03,power_law,1822.0,9.88,9.036529471763776,0.8434705282362245
2010THOM03,power_law,1823.0,9.33,9.036125553377131,0.2938744466228691
2010THOM03,power_law,1824.0,11.31,9.035721929011425,2.2742780709885757
2010THOM03,power_law,1825.0,9.78,9.035318598291614,0.7446814017083856
2010THOM03,power_law,1826.0,11.29,9.034915560843334,2.255084439156665
2010THOM03,power_law,1827.0,8.13,9.034512816292914,-0.9045128162929128
2010THOM03,power_law,1828.0,8.17,9.034110364267349,-0.8641103642673489
2010THOM03,power_law,1829.0,10.92,9.033708204394323,1.8862917956056773
2010THOM03,power_law,1830.0,7.48,9.033306336302193,-1.5533063363021924
2010THOM03,power_law,1831.0,11.53,9.032904759619992,2.4970952403800073
2010THOM03,power_law,1832.0,9.79,9.032503473977428,0.757496526022571
2010THOM03,power_law,1833.0,10.55,9.032102479004879,1.5178975209951222
2010THOM03,power_law,1834.0,8.38,9.031701774333396,-0.6517017743333948
2010THOM03,power_law,1835.0,9.43,9.031301359594696,0.39869864040530345
2010THOM03,power_law,1836.0,6.34,9.03090123442117,-2.6909012344211707
2010THOM03,power_law,1837.0,6.83,9.03050139844587,-2.2005013984458692
2010THOM03,power_law,1838.0,8.06,9.03010185130251,-0.970101851302509
2010THOM03,power_law,1839.0,10.21,9.029702592625473,1.1802974073745283
2010THOM03,power_law,1840.0,8.58,9.0293036220498,-0.44930362204980057
2010THOM03,power_law,1841.0,8.89,9.028904939211195,-0.1389049392111943
2010THOM03,power_law,1842.0,8.02,9.028506543746012,-1.0085065437460123
2010THOM03,power_law,1843.0,7.45,9.028108435291271,-1.5781084352912709
2010THOM03,power_law,1844.0,7.48,9.027710613484642,-1.5477106134846412
2010THOM03,power_law,1845.0,8.77,9.02731307796445,-0.2573130779644508
2010THOM03,power_law,1846.0,10.22,9.026915828369672,1.1930841716303284
2010THOM03,power_law,1847.0,11.76,9.026518864339936,2.733481135660064
2010THOM03,power_law,1848.0,9.73,9.026122185515517,0.7038778144844837
2010THOM03,power_law,1849.0,8.64,9.02572579153734,-0.38572579153733955
2010THOM03,power_law,1850.0,8.74,9.025329682046976,-0.2853296820469762
2010THOM03,power_law,1851.0,9.03,9.024933856686637,0.0050661433133623035
2010THOM03,power_law,1852.0,13.25,9.024538315099182,4.225461684900818
2010THOM03,power_law,1853.0,10.03,9.024143056928107,1.0058569430718922
2010THOM03,power_law,1854.0,8.78,9.023748081817555,-0.24374808181755547
2010THOM03,power_law,1855.0,11.63,9.023353389412302,2.606646610587699
2010THOM03,power_law,1856.0,11.36,9.022958979357758,2.337041020642241
2010THOM03,power_law,1857.0,8.07,9.022564851299979,-0.9525648512999787
2010THOM03,power_law,1858.0,7.81,9.022171004885642,-1.2121710048856427
2010THOM03,power_law,1859.0,9.44,9.021777439762069,0.4182225602379308
2010THOM03,power_law,1860.0,12.13,9.021384155577202,3.1086158444227987
2010THOM03,power_law,1861.0,10.74,9.020991151979622,1.719008848020378
2010THOM03,power_law,1862.0,10.71,9.020598428618532,1.6894015713814685
2010THOM03,power_law,1863.0,11.24,9.020205985143765,2.2197940148562356
2010THOM03,power_law,1864.0,10.24,9.019813821205775,1.2201861787942256
2010THOM03,power_law,1865.0,8.69,9.019421936455643,-0.32942193645564366
2010THOM03,power_law,1866.0,11.53,9.019030330545075,2.5109696694549246
2010THOM03,power_law,1867.0,7.63,9.018639003126392,-1.388639003126392
2010THOM03,power_law,1868.0,7.85,9.018247953852539,-1.1682479538525392
2010THOM03,power_law,1869.0,9.4,9.017857182377075,0.3821428176229258
2010THOM03,power_law,1870.0,9.27,9.017466688354178,0.2525333116458217
2010THOM03,power_law,1871.0,11.33,9.017076471438642,2.312923528561358
2010THOM03,power_law,1872.0,9.25,9.016686531285872,0.23331346871412784
2010THOM03,power_law,1873.0,13.32,9.016296867551889,4.303703132448112
2010THOM03,power_law,1874.0,10.17,9.015907479893322,1.154092520106678
2010THOM03,power_law,1875.0,10.42,9.015518367967408,1.4044816320325921
2010THOM03,power_law,1876.0,10.0,9.015129531431997,0.984870468568003
2010THOM03,power_law,1877.0,9.08,9.014740969945542,0.06525903005445777
2010THOM03,power_law,1878.0,11.34,9.014352683167104,2.325647316832896
2010THOM03,power_law,1879.0,9.85,9.01396467075634,0.8360353292436589
2010THOM03,power_law,1880.0,8.76,9.013576932373525,-0.25357693237352485
2010THOM03,power_law,1881.0,10.74,9.013189467679517,1.7268105323204832
2010THOM03,power_law,1882.0,11.98,9.012802276335789,2.9671977236642118
2010THOM03,power_law,1883.0,8.14,9.0124153580044,-0.8724153580043996
2010THOM03,power_law,1884.0,9.76,9.012028712348016,0.7479712876519837
2010THOM03,power_law,1885.0,7.85,9.01164233902989,-1.161642339029891
2010THOM03,power_law,1886.0,8.1,9.01125623771388,-0.9112562377138804
2010THOM03,power_law,1887.0,9.63,9.010870408064424,0.619129591935577
2010THOM03,power_law,1888.0,7.11,9.010484849746561,-1.9004848497465607
2010THOM03,power_law,1889.0,8.35,9.010099562425916,-0.6600995624259163
2010THOM03,power_law,1890.0,9.56,9.009714545768704,0.5502854542312967
2010THOM03,power_law,1891.0,9.8,9.009329799441728,0.7906702005582726
2010THOM03,power_law,1892.0,7.88,9.008945323112375,-1.128945323112375
2010THOM03,power_law,1893.0,8.93,9.00856111644862,-0.07856111644862018
2010THOM03,power_law,1894.0,9.38,9.008177179119016,0.3718228208809844
2010THOM03,power_law,1895.0,9.54,9.007793510792707,0.532206489207292
2010THOM03,power_law,1896.0,8.14,9.007410111139407,-0.8674101111394066
2010THOM03,power_law,1897.0,7.42,9.00702697982942,-1.5870269798294192
2010THOM03,power_law,1898.0,6.99,9.006644116533618,-2.0166441165336177
2010THOM03,power_law,1899.0,7.65,9.006261520923458,-1.3562615209234572
2010THOM03,power_law,1900.0,9.67,9.005879192670967,0.6641208073290326
2010THOM03,power_law,1901.0,11.49,9.005497131448749,2.4845028685512514
2010THOM03,power_law,1902.0,7.36,9.005115336929983,-1.6451153369299822
2010THOM03,power_law,1903.0,8.41,9.004733808788414,-0.5947338087884138
2010THOM03,power_law,1904.0,9.73,9.00435254669836,0.7256474533016402
2010THOM03,power_law,1905.0,7.36,9.003971550334711,-1.6439715503347108
2010THOM03,power_law,1906.0,10.57,9.003590819372919,1.5664091806270815
2010THOM03,power_law,1907.0,10.82,9.003210353489004,1.8167896465109958
2010THOM03,power_law,1908.0,9.56,9.002830152359557,0.5571698476404432
2010THOM03,power_law,1909.0,10.6,9.002450215661725,1.597549784338275
2010THOM03,power_law,1910.0,10.23,9.00207054307322,1.2279294569267805
2010THOM03,power_law,1911.0,7.74,9.001691134272317,-1.2616911342723167
2010THOM03,power_law,1912.0,8.58,9.00131198893785,-0.42131198893785005
2010THOM03,power_law,1913.0,8.08,9.00093310674921,-0.9209331067492101
2010THOM03,power_law,1914.0,10.81,9.000554487386351,1.8094455126136495
2010THOM03,power_law,1915.0,9.11,9.000176130529775,0.10982386947022427
2010THOM03,power_law,1916.0,9.97,8.999798035860547,0.9702019641394539
2010THOM03,power_law,1917.0,9.4,8.99942020306028,0.40057979693972
2010THOM03,power_law,1918.0,8.43,8.999042631811143,-0.5690426318111435
2010THOM03,power_law,1919.0,16.4,8.998665321795851,7.401334678204147
2010THOM03,power_law,1920.0,9.4,8.998288272697677,0.40171172730232385
2010THOM03,power_law,1921.0,10.01,8.997911484200436,1.0120885157995634
2010THOM03,power_law,1922.0,8.0,8.997534955988494,-0.9975349559884936
2010THOM03,power_law,1923.0,7.06,8.99715868774676,-1.9371586877467601
2010THOM03,power_law,1924.0,8.81,8.996782679160692,-0.18678267916069125
2010THOM03,power_law,1925.0,12.69,8.99640692991629,3.6935930700837094
2010THOM03,power_law,1926.0,8.87,8.996031439700097,-0.1260314397000979
2010THOM03,power_law,1927.0,7.88,8.995656208199195,-1.1156562081991952
2010THOM03,power_law,1928.0,9.12,8.99528123510121,0.1247187648987893
2010THOM03,power_law,1929.0,9.97,8.994906520094302,0.9750934799056985
2010THOM03,power_law,1930.0,15.18,8.994532062867176,6.185467937132824
2010THOM03,power_law,1931.0,9.35,8.994157863109066,0.35584213689093325
2010THOM03,power_law,1932.0,8.04,8.993783920509745,-0.9537839205097463
2010THOM03,power_law,1933.0,9.0,8.993410234759523,0.006589765240477163
2010THOM03,power_law,1934.0,6.42,8.993036805549234,-2.5730368055492345
2010THOM03,power_law,1935.0,7.33,8.992663632570252,-1.6626636325702524
2010THOM03,power_law,1936.0,8.79,8.99229071551448,-0.20229071551448108
2010THOM03,power_law,1937.0,9.49,8.991918054074349,0.4980819459256516
2010THOM03,power_law,1938.0,8.46,8.991545647942816,-0.5315456479428153
2010THOM03,power_law,1939.0,8.46,8.99117349681337,-0.5311734968133699
2010THOM03,power_law,1940.0,11.16,8.990801600380022,2.1691983996199777
2010THOM03,power_law,1941.0,9.94,8.99042995833731,0.9495700416626889
2010THOM03,power_law,1942.0,10.63,8.990058570380294,1.6399414296197072
2010THOM03,power_law,1943.0,9.26,8.989687436204555,0.27031256379544466
2010THOM03,power_law,1944.0,7.88,8.989316555506198,-1.1093165555061981
2010THOM03,power_law,1945.0,9.32,8.988945927981847,0.3310540720181532
2010THOM03,power_law,1946.0,7.62,8.988575553328644,-1.3685755533286441
2010THOM03,power_law,1947.0,8.29,8.988205431244252,-0.6982054312442525
2010THOM03,power_law,1948.0,8.78,8.987835561426845,-0.20783556142684567
2010THOM03,power_law,1949.0,9.32,8.987465943575115,0.3325340564248851
2010THOM03,power_law,1950.0,13.85,8.98709657738827,4.86290342261173
2010THOM03,power_law,1951.0,11.49,8.98672746256603,2.50327253743397
2010THOM03,power_law,1952.0,7.88,8.986358598808625,-1.106358598808625
2010THOM03,power_law,1953.0,9.27,8.985989985816797,0.2840100141832025
2010THOM03,power_law,1954.0,12.48,8.9856216232918,3.4943783767082
2010THOM03,power_law,1955.0,8.05,8.985253510935395,-0.9352535109353948
2010THOM03,power_law,1956.0,8.81,8.984885648449849,-0.17488564844984822
2010THOM03,power_law,1957.0,6.99,8.984518035537935,-1.9945180355379346
2010THOM03,power_law,1958.0,12.48,8.984150671902935,3.4958493280970657
2010THOM03,power_law,1959.0,6.86,8.98378355724863,-2.12378355724863
2010THOM03,power_law,1960.0,8.2,8.98341669127931,-0.7834166912793101
2010THOM03,power_law,1961.0,10.71,8.983050073699761,1.7269499263002395
2010THOM03,power_law,1962.0,11.42,8.982683704215274,2.4373162957847256
2010THOM03,power_law,1963.0,8.15,8.982317582531635,-0.8323175825316351
2010THOM03,power_law,1964.0,10.31,8.981951708355137,1.3280482916448637
2010THOM03,power_law,1965.0,9.92,8.98158608139256,0.9384139186074396
2010THOM03,power_law,1966.0,8.6,8.981220701351186,-0.3812207013511859
2010THOM03,power_law,1967.0,7.42,8.980855567938793,-1.560855567938793
2010THOM03,power_law,1968.0,8.81,8.980490680863651,-0.17049068086365082
2010THOM03,power_law,1969.0,9.19,8.980126039834524,0.209873960165476
2010THOM03,power_law,1970.0,8.52,8.979761644560668,-0.45976164456066826
2010THOM03,power_law,1971.0,13.08,8.97939749475183,4.100602505248171
2010THOM03,power_law,1972.0,8.46,8.979033590118245,-0.5190335901182443
2010THOM03,power_law,1973.0,8.95,8.97866993037064,-0.028669930370639918
2010THOM03,power_law,1974.0,11.21,8.978306515220227,2.2316934847797736
2010THOM03,power_law,1975.0,6.96,8.977943344378708,-2.0179433443787085
2010THOM03,power_law,1976.0,7.92,8.977580417558265,-1.057580417558265
2010THOM03,power_law,1977.0,9.56,8.97721773447157,0.5827822655284312
2010THOM03,power_law,1978.0,7.76,8.976855294831775,-1.2168552948317757
2010THOM03,power_law,1979.0,9.97,8.976493098352517,0.9935069016474838
2010THOM03,power_law,1980.0,8.3,8.97613114474791,-0.6761311447479095
2010THOM03,power_law,1981.0,20.3,8.975769433732555,11.324230566267445
2010THOM03,power_law,1982.0,8.93,8.975407965021526,-0.045407965021526664
2010THOM03,power_law,1983.0,7.55,8.975046738330379,-1.425046738330379
2010THOM03,power_law,1984.0,10.32,8.974685753375145,1.3453142466248558
2010THOM03,power_law,1985.0,8.06,8.97432500987233,-0.9143250098723303
2010THOM03,power_law,1986.0,10.17,8.973964507538923,1.1960354924610765
2010THOM03,power_law,1987.0,10.08,8.973604246092373,1.106395753907627
2010THOM03,power_law,1988.0,10.68,8.973244225250616,1.706755774749384
2010THOM03,power_law,1989.0,10.29,8.97288444473205,1.3171155552679483
2010THOM03,power_law,1990.0,6.25,8.97252490425555,-2.7225249042555504
2010THOM03,power_law,1991.0,10.08,8.97216560354046,1.1078343964595394
2010THOM03,power_law,1992.0,9.9,8.971806542306588,0.9281934576934123
2010THOM03,power_law,1993.0,7.68,8.971447720274217,-1.291447720274217
2010THOM03,power_law,1994.0,11.57,8.971089137164093,2.5989108628359077
2010THOM03,power_law,1995.0,12.14,8.970730792697424,3.1692692073025768
2010THOM03,power_law,1996.0,10.34,8.970372686595892,1.3696273134041075
2010THOM03,power_law,1997.0,7.7,8.970014818581635,-1.2700148185816351
2010THOM03,power_law,1998.0,9.3,8.96965718837726,0.3303428116227405
2010THOM03,power_law,1999.0,6.64,8.969299795705831,-2.3292997957058317
2010THOM03,power_law,2000.0,9.73,8.968942640290873,0.7610573597091275
2010THOM03,power_law,2001.0,12.85,8.968585721856373,3.8814142781436267
2010THOM03,power_law,2002.0,8.34,8.968229040126776,-0.6282290401267758
2010THOM03,power_law,2003.0,10.86,8.967872594826986,1.8921274051730137
2010THOM03,power_law,2004.0,11.12,8.967516385682362,2.152483614317637
2010THOM03,power_law,2005.0,7.96,8.967160412418718,-1.0071604124187177
2010THOM03,power_law,2006.0,7.12,8.966804674762328,-1.8468046747623275
2010THOM03,power_law,2007.0,7.97,8.966449172439914,-0.996449172439914
2010THOM03,power_law,2008.0,8.13,8.966093905178655,-0.8360939051786538
2010THOM03,power_law,2009.0,7.45,8.965738872706178,-1.5157388727061774
2010THOM03,power_law,2010.0,10.29,8.965384074750563,1.3246159252494358
2010THOM03,power_law,2011.0,6.68,8.965029511040344,-2.285029511040344
2010THOM03,power_law,2012.0,8.24,8.964675181304496,-0.7246751813044963
2010THOM03,power_law,2013.0,11.37,8.964321085272452,2.405678914727547
2010THOM03,power_law,2014.0,7.5,8.96396722267408,-1.4639672226740803
2010THOM03,power_law,2015.0,10.29,8.963613593239703,1.326386406760296
2010THOM03,power_law,2016.0,8.4,8.96326019670009,-0.5632601967000905
2010THOM03,power_law,2017.0,7.85,8.962907032786447,-1.1129070327864472
2010THOM03,power_law,2018.0,9.08,8.96255410123043,0.11744589876957079
2010THOM03,power_law,2019.0,7.83,8.962201401764132,-1.1322014017641315
2010THOM03,power_law,2020.0,8.41,8.961848934120091,-0.5518489341200912
2010THOM03,power_law,2021.0,7.47,8.961496698031286,-1.4914966980312867
2010THOM03,power_law,2022.0,11.73,8.961144693231134,2.7688553067688666
2010THOM03,power_law,2023.0,11.46,8.960792919453489,2.499207080546512
2010THOM03,power_law,2024.0,9.47,8.960441376432644,0.5095586235673562
2010THOM03,power_law,2025.0,6.55,8.96009006390333,-2.41009006390333
2010THOM03,power_law,2026.0,10.02,8.959738981600713,1.0602610183992862
2010THOM03,power_law,2027.0,8.02,8.959388129260391,-0.9393881292603918
2010THOM03,power_law,2028.0,7.98,8.959037506618401,-0.9790375066184005
2010THOM03,power_law,2029.0,7.95,8.95868711341121,-1.0086871134112103
2010THOM03,power_law,2030.0,6.28,8.958336949375715,-2.6783369493757148
2010THOM03,power_law,2031.0,8.08,8.957987014249248,-0.8779870142492481
2010THOM03,power_law,2032.0,11.24,8.957637307769572,2.2823626922304285
2010THOM03,power_law,2033.0,10.92,8.957287829674872,1.962712170325128
2010THOM03,power_law,2034.0,9.55,8.95693857970377,0.5930614202962303
2010THOM03,power_law,2035.0,7.63,8.956589557595311,-1.3265895575953115
2010THOM03,power_law,2036.0,9.43,8.956240763088967,0.4737592369110324
2010THOM03,power_law,2037.0,7.3,8.955892195924635,-1.6558921959246353
2010THOM03,power_law,2038.0,7.67,8.955543855842638,-1.2855438558426382
2010THOM03,power_law,2039.0,7.5,8.955195742583726,-1.4551957425837259
2010THOM03,power_law,2040.0,9.47,8.954847855889064,0.515152144110937
2010THOM03,power_law,2041.0,8.43,8.954500195500245,-0.5245001955002451
2010THOM03,power_law,2042.0,7.09,8.954152761159282,-1.864152761159282
2010THOM03,power_law,2043.0,8.93,8.953805552608609,-0.02380555260860895
2010THOM03,power_law,2044.0,9.32,8.953458569591076,0.3665414304089243
2010THOM03,power_law,2045.0,8.13,8.953111811849956,-0.8231118118499552
2010THOM03,power_law,2046.0,9.57,8.952765279128936,0.617234720871064
2010THOM03,power_law,2047.0,8.96,8.952418971172122,0.007581028827878811
2010THOM03,power_law,2048.0,6.91,8.952072887724036,-2.0420728877240357
2010THOM03,power_law,2049.0,8.87,8.95172702852961,-0.08172702852961145
2010THOM03,power_law,2050.0,8.8,8.951381393334197,-0.1513813933341961
2010THOM03,power_law,2051.0,10.31,8.95103598188356,1.3589640181164402
2010THOM03,power_law,2052.0,7.74,8.950690793923874,-1.2106907939238738
2010THOM03,power_law,2053.0,8.45,8.950345829201726,-0.5003458292017271
2010THOM03,power_law,2054.0,9.51,8.950001087464116,0.5599989125358835
2010THOM03,power_law,2055.0,9.09,8.949656568458447,0.14034343154155238
2010THOM03,power_law,2056.0,9.44,8.949312271932538,0.49068772806746175
2010THOM03,power_law,2057.0,9.43,8.948968197634612,0.4810318023653881
2010THOM03,power_law,2058.0,10.05,8.948624345313302,1.1013756546866986
2010THOM03,power_law,2059.0,7.89,8.948280714717642,-1.0582807147176423
2010THOM03,power_law,2060.0,9.56,8.94793730559708,0.6120626944029208
2010THOM03,power_law,2061.0,8.38,8.94759411770146,-0.567594117701459
2010THOM03,power_law,2062.0,8.73,8.947251150781035,-0.21725115078103485
2010THOM03,power_law,2063.0,6.46,8.946908404586459,-2.486908404586459
2010THOM03,power_law,2064.0,10.37,8.946565878868789,1.4234341211312103
2010THOM03,power_law,2065.0,7.28,8.94622357337948,-1.6662235733794803
2010THOM03,power_law,2066.0,9.24,8.945881487870393,0.29411851212960727
2010THOM03,power_law,2067.0,7.42,8.945539622093785,-1.5255396220937847
2010THOM03,power_law,2068.0,8.85,8.94519797580231,-0.09519797580231071
2010THOM03,power_law,2069.0,9.16,8.944856548749025,0.21514345125097556
2010THOM03,power_law,2070.0,7.82,8.944515340687378,-1.1245153406873776
2010THOM03,power_law,2071.0,8.13,8.944174351371219,-0.8141743513712179
2010THOM03,power_law,2072.0,7.71,8.943833580554788,-1.233833580554788
2010THOM03,power_law,2073.0,9.02,8.943493027992725,0.07650697200727485
2010THOM03,power_law,2074.0,10.55,8.943152693440059,1.606847306559942
2010THOM03,power_law,2075.0,10.3,8.942812576652212,1.3571874233477885
2010THOM03,power_law,2076.0,6.9,8.942472677385004,-2.0424726773850033
2010THOM03,power_law,2077.0,10.66,8.94213299539464,1.7178670046053597
2010THOM03,power_law,2078.0,7.85,8.941793530437717,-1.0917935304377178
2010THOM03,power_law,2079.0,8.61,8.941454282271222,-0.3314542822712223
2010THOM03,power_law,2080.0,8.3,8.941115250652533,-0.6411152506525326
2010THOM03,power_law,2081.0,8.65,8.940776435339412,-0.2907764353394118
2010THOM03,power_law,2082.0,8.0,8.94043783609001,-0.9404378360900107
2010THOM03,power_law,2083.0,9.58,8.940099452662867,0.6399005473371329
2010THOM03,power_law,2084.0,7.93,8.939761284816905,-1.0097612848169053
2010THOM03,power_law,2085.0,9.25,8.939423332311431,0.3105766676885686
2010THOM03,power_law,2086.0,8.77,8.939085594906139,-0.1690855949061394
2010THOM03,power_law,2087.0,8.49,8.9387480723611,-0.44874807236110037
2010THOM03,power_law,2088.0,8.27,8.938410764436778,-0.6684107644367785
2010THOM03,power_law,2089.0,8.62,8.938073670894008,-0.31807367089400884
2010THOM03,power_law,2090.0,7.13,8.937736791494011,-1.807736791494011
2010THOM03,power_law,2091.0,8.19,8.937400125998389,-0.7474001259983893
2010THOM03,power_law,2092.0,9.79,8.937063674169117,0.852936325830882
2010THOM03,power_law,2093.0,8.54,8.936727435768557,-0.3967274357685575
2010THOM03,power_law,2094.0,8.23,8.936391410559441,-0.7063914105594407
2010THOM03,power_law,2095.0,12.25,8.936055598304886,3.313944401695114
2010THOM03,power_law,2096.0,8.75,8.935719998768377,-0.18571999876837708
2010THOM03,power_law,2097.0,8.66,8.93538461171378,-0.27538461171377904
2010THOM03,power_law,2098.0,9.04,8.93504943690533,0.10495056309466833
2010THOM03,power_law,2099.0,10.67,8.934714474107643,1.7352855258923565
2010THOM03,power_law,2100.0,10.58,8.934379723085705,1.6456202769142951
2010THOM03,power_law,2101.0,9.34,8.93404518360487,0.40595481639513054
2010THOM03,power_law,2102.0,8.8,8.933710855430869,-0.13371085543086814
2010THOM03,power_law,2103.0,9.2,8.933376738329802,0.26662326167019756
2010THOM03,power_law,2104.0,7.02,8.93304283206814,-1.9130428320681396
2010THOM03,power_law,2105.0,9.03,8.932709136412718,0.0972908635872809
2010THOM03,power_law,2106.0,9.22,8.932375651130748,0.2876243488692527
2010THOM03,power_law,2107.0,13.76,8.932042375989802,4.827957624010198
2010THOM03,power_law,2108.0,9.15,8.931709310757824,0.21829068924217587
2010THOM03,power_law,2109.0,7.23,8.931376455203122,-1.7013764552031212
2010THOM03,power_law,2110.0,9.46,8.93104380909437,0.5289561909056317
2010THOM03,power_law,2111.0,9.21,8.930711372200605,0.2792886277993958
2010THOM03,power_law,2112.0,8.88,8.93037914429123,-0.05037914429122914
2010THOM03,power_law,2113.0,7.71,8.930047125136014,-1.2200471251360137
2010THOM03,power_law,2114.0,6.92,8.929715314505078,-2.009715314505078
2010THOM03,power_law,2115.0,8.29,8.929383712168917,-0.6393837121689181
2010THOM03,power_law,2116.0,11.8,8.929052317898382,2.870947682101619
2010THOM03,power_law,2117.0,8.86,8.92872113146468,-0.06872113146468095
2010THOM03,power_law,2118.0,7.35,8.928390152639388,-1.578390152639388
2010THOM03,power_law,2119.0,11.69,8.928059381194426,2.761940618805573
2010THOM03,power_law,2120.0,10.67,8.92772881690209,1.7422711830979107
2010THOM03,power_law,2121.0,7.04,8.92739845953502,-1.88739845953502
2010THOM03,power_law,2122.0,7.4,8.927068308866216,-1.527068308866216
2010THOM03,power_law,2123.0,12.15,8.926738364669038,3.223261635330962
2010THOM03,power_law,2124.0,9.23,8.926408626717198,0.30359137328280283
2010THOM03,power_law,2125.0,10.2,8.926079094784761,1.2739209052152383
2010THOM03,power_law,2126.0,11.34,8.925749768646147,2.4142502313538525
2010THOM03,power_law,2127.0,9.18,8.92542064807613,0.25457935192386927
2010THOM03,power_law,2128.0,6.06,8.925091732849836,-2.8650917328498364
2010THOM03,power_law,2129.0,10.45,8.924763022742738,1.5252369772572614
2010THOM03,power_law,2130.0,8.17,8.924434517530669,-0.7544345175306688
2010THOM03,power_law,2131.0,7.09,8.924106216989802,-1.8341062169898024
2010THOM03,power_law,2132.0,8.93,8.923778120896669,0.0062218791033306076
2010THOM03,power_law,2133.0,8.71,8.923450229028141,-0.21345022902814037
2010THOM03,power_law,2134.0,8.76,8.923122541161446,-0.16312254116144587
2010THOM03,power_law,2135.0,7.52,8.92279505707415,-1.402795057074151
2010THOM03,power_law,2136.0,9.93,8.922467776544176,1.007532223455824
2010THOM03,power_law,2137.0,9.6,8.922140699349784,0.6778593006502156
2010THOM03,power_law,2138.0,8.27,8.921813825269584,-0.6518138252695849
2010THOM03,power_law,2139.0,12.47,8.921487154082527,3.5485128459174735
2010THOM03,power_law,2140.0,8.98,8.921160685567912,0.05883931443208823
2010THOM03,power_law,2141.0,9.2,8.920834419505379,0.27916558049462026
2010THOM03,power_law,2142.0,8.38,8.92050835567491,-0.5405083556749091
2010THOM03,power_law,2143.0,11.62,8.920182493856828,2.6998175061431713
2010THOM03,power_law,2144.0,10.16,8.919856833831798,1.2401431661682025
2010THOM03,power_law,2145.0,10.15,8.919531375380824,1.230468624619176
2010THOM03,power_law,2146.0,8.52,8.919206118285254,-0.3992061182852549
2010THOM03,power_law,2147.0,9.38,8.91888106232677,0.46111893767323053
2010THOM03,power_law,2148.0,8.82,8.918556207287395,-0.09855620728739467
2010THOM03,power_law,2149.0,9.66,8.918231552949486,0.7417684470505144
2010THOM03,power_law,2150.0,7.79,8.917907099095743,-1.1279070990957427
2010THOM03,power_law,2151.0,12.48,8.917582845509195,3.562417154490806
2010THOM03,power_law,2152.0,9.62,8.917258791973214,0.7027412080267847
2010THOM03,power_law,2153.0,7.51,8.916934938271499,-1.4069349382714993
2010THOM03,power_law,2154.0,9.0,8.916611284188091,0.08338871581190865
2010THOM03,power_law,2155.0,8.99,8.916287829507358,0.07371217049264267
2010THOM03,power_law,2156.0,8.69,8.915964574014005,-0.2259645740140055
2010THOM03,power_law,2157.0,7.91,8.915641517493068,-1.0056415174930677
2010THOM03,power_law,2158.0,7.56,8.915318659729914,-1.3553186597299147
2010THOM03,power_law,2159.0,8.69,8.914996000510241,-0.2249960005102416
2010THOM03,power_law,2160.0,7.03,8.914673539620077,-1.8846735396200769
2010THOM03,power_law,2161.0,6.7,8.914351276845782,-2.2143512768457816
2010THOM03,power_law,2162.0,8.78,8.91402921197404,-0.13402921197404005
2010THOM03,power_law,2163.0,10.98,8.913707344791865,2.0662926552081355
2010THOM03,power_law,2164.0,8.71,8.913385675086602,-0.20338567508660077
2010THOM03,power_law,2165.0,9.19,8.91306420264592,0.2769357973540796
2010THOM03,power_law,2166.0,7.74,8.912742927257815,-1.172742927257815
2010THOM03,power_law,2167.0,7.33,8.912421848710608,-1.5824218487106076
2010THOM03,power_law,2168.0,11.41,8.912100966792943,2.497899033207057
2010THOM03,power_law,2169.0,8.68,8.911780281293792,-0.23178028129379236
2010THOM03,power_law,2170.0,9.08,8.91145979200245,0.16854020799754998
2010THOM03,power_law,2171.0,7.04,8.911139498708533,-1.8711394987085326
2010THOM03,power_law,2172.0,7.25,8.91081940120198,-1.6608194012019801
2010THOM03,power_law,2173.0,10.44,8.910499499273055,1.5295005007269449
2010THOM03,power_law,2174.0,8.51,8.910179792712336,-0.4001797927123363
2010THOM03,power_law,2175.0,10.07,8.909860281310728,1.1601397186892726
2010THOM03,power_law,2176.0,13.86,8.909540964859453,4.950459035140547
2010THOM03,power_law,2177.0,9.98,8.909221843150053,1.070778156849947
2010THOM03,power_law,2178.0,11.89,8.908902915974387,2.9810970840256132
2010THOM03,power_law,2179.0,8.46,8.908584183124635,-0.448584183124634
2010THOM03,power_law,2180.0,5.81,8.90826564439329,-3.098265644393291
2010THOM03,power_law,2181.0,8.48,8.907947299573166,-0.4279472995731659
2010THOM03,power_law,2182.0,9.52,8.907629148457389,0.612370851542611
2010THOM03,power_law,2183.0,10.21,8.907311190839403,1.302688809160598
2010THOM03,power_law,2184.0,8.72,8.906993426512965,-0.1869934265129647
2010THOM03,power_law,2185.0,9.1,8.906675855272152,0.19332414472784798
2010THOM03,power_law,2186.0,8.59,8.906358476911343,-0.31635847691134344
2010THOM03,power_law,2187.0,8.49,8.90604129122524,-0.41604129122523936
2010THOM03,power_law,2188.0,9.01,8.905724298008854,0.10427570199114555
2010THOM03,power_law,2189.0,9.27,8.905407497057507,0.364592502942493
2010THOM03,power_law,2190.0,10.4,8.905090888166832,1.4949091118331683
2010THOM03,power_law,2191.0,8.03,8.904774471132775,-0.8747744711327758
2010THOM03,power_law,2192.0,7.14,8.904458245751586,-1.7644582457515865
2010THOM03,power_law,2193.0,8.76,8.904142211819831,-0.14414221181983145
2010THOM03,power_law,2194.0,11.52,8.90382636913438,2.616173630865619
2010THOM03,power_law,2195.0,9.01,8.903510717492415,0.10648928250758516
2010THOM03,power_law,2196.0,8.54,8.903195256691419,-0.3631952566914194
2010THOM03,power_law,2197.0,9.67,8.90287998652919,0.7671200134708105
2010THOM03,power_law,2198.0,8.22,8.902564906803823,-0.6825649068038224
2010THOM03,power_law,2199.0,7.65,8.902250017313726,-1.2522500173137256
2010THOM03,power_law,2200.0,7.65,8.90193531785761,-1.25193531785761
2010THOM03,power_law,2201.0,7.33,8.901620808234489,-1.5716208082344885
2010THOM03,power_law,2202.0,6.97,8.90130648824368,-1.9313064882436803
2010THOM03,power_law,2203.0,9.41,8.900992357684807,0.5090076423151935
2010THOM03,power_law,2204.0,8.71,8.900678416357792,-0.19067841635779104
2010THOM03,power_law,2205.0,9.13,8.900364664062863,0.2296353359371377
2010THOM03,power_law,2206.0,12.62,8.900051100600546,3.719948899399453
2010THOM03,power_law,2207.0,6.84,8.899737725771672,-2.0597377257716722
2010THOM03,power_law,2208.0,9.76,8.899424539377366,0.8605754606226341
2010THOM03,power_law,2209.0,8.08,8.899111541219057,-0.8191115412190566
2010THOM03,power_law,2210.0,6.82,8.898798731098474,-2.0787987310984732
2010THOM03,power_law,2211.0,8.84,8.89848610881764,-0.058486108817639604
2010THOM03,power_law,2212.0,7.48,8.89817367417888,-1.4181736741788793
2010THOM03,power_law,2213.0,7.21,8.897861426984814,-1.6878614269848145
2010THOM03,power_law,2214.0,7.79,8.897549367038362,-1.107549367038362
2010THOM03,power_law,2215.0,8.95,8.897237494142733,0.05276250585726672
2010THOM03,power_law,2216.0,9.07,8.89692580810144,0.17307419189856077
2010THOM03,power_law,2217.0,8.69,8.896614308718284,-0.2066143087182848
2010THOM03,power_law,2218.0,11.16,8.896302995797367,2.2636970042026334
2010THOM03,power_law,2219.0,7.85,8.895991869143076,-1.0459918691430765
2010THOM03,power_law,2220.0,11.79,8.895680928560102,2.894319071439897
2010THOM03,power_law,2221.0,11.29,8.89537017385342,2.394629826146579
2010THOM03,power_law,2222.0,14.55,8.895059604828301,5.6549403951717
2010THOM03,power_law,2223.0,8.33,8.894749221290306,-0.564749221290306
2010THOM03,power_law,2224.0,11.99,8.894439023045287,3.0955609769547134
2010THOM03,power_law,2225.0,10.78,8.894129009899391,1.8858709901006083
2010THOM03,power_law,2226.0,9.26,8.893819181659046,0.36618081834095406
2010THOM03,power_law,2227.0,8.66,8.893509538130976,-0.23350953813097597
2010THOM03,power_law,2228.0,7.94,8.893200079122193,-0.9532000791221931
2010THOM03,power_law,2229.0,10.7,8.892890804439995,1.8071091955600043
2010THOM03,power_law,2230.0,8.86,8.892581713891968,-0.03258171389196818
2010THOM03,power_law,2231.0,11.21,8.892272807285988,2.3177271927140133
2010THOM03,power_law,2232.0,9.06,8.891964084430212,0.16803591556978859
2010THOM03,power_law,2233.0,7.63,8.891655545133087,-1.2616555451330873
2010THOM03,power_law,2234.0,9.87,8.891347189203344,0.978652810796655
2010THOM03,power_law,2235.0,7.92,8.891039016450001,-0.9710390164500016
2010THOM03,power_law,2236.0,9.46,8.890731026682356,0.5692689733176444
2010THOM03,power_law,2237.0,9.45,8.890423219709996,0.5595767802900031
2010THOM03,power_law,2238.0,9.15,8.890115595342785,0.25988440465721574
2010THOM03,power_law,2239.0,7.87,8.889808153390875,-1.0198081533908754
2010THOM03,power_law,2240.0,9.92,8.889500893664698,1.0304991063353022
2010THOM03,power_law,2241.0,14.98,8.889193815974966,6.090806184025034
2010THOM03,power_law,2242.0,10.94,8.888886920132673,2.051113079867326
2010THOM03,power_law,2243.0,11.09,8.888580205949097,2.201419794050903
2010THOM03,power_law,2244.0,8.78,8.888273673235789,-0.1082736732357894
2010THOM03,power_law,2245.0,12.25,8.887967321804584,3.3620326781954155
2010THOM03,power_law,2246.0,8.36,8.887661151467597,-0.5276611514675977
2010THOM03,power_law,2247.0,11.32,8.887355162037219,2.4326448379627816
2010THOM03,power_law,2248.0,10.22,8.887049353326116,1.3329506466738845
2010THOM03,power_law,2249.0,8.48,8.886743725147237,-0.406743725147237
2010THOM03,power_law,2250.0,9.14,8.886438277313802,0.25356172268619837
2010THOM03,power_law,2251.0,9.02,8.886133009639313,0.13386699036068705
2010THOM03,power_law,2252.0,10.07,8.885827921937542,1.184172078062458
2010THOM03,power_law,2253.0,7.88,8.885523014022542,-1.0055230140225424
2010THOM03,power_law,2254.0,8.58,8.885218285708632,-0.30521828570863185
2010THOM03,power_law,2255.0,8.02,8.884913736810415,-0.864913736810415
2010THOM03,power_law,2256.0,9.63,8.88460936714276,0.7453906328572408
2010THOM03,power_law,2257.0,7.43,8.884305176520812,-1.454305176520812
2010THOM03,power_law,2258.0,9.8,8.884001164759988,0.9159988352400124
2010THOM03,power_law,2259.0,7.1,8.883697331675979,-1.7836973316759792
2010THOM03,power_law,2260.0,7.4,8.883393677084744,-1.4833936770847433
2010THOM03,power_law,2261.0,8.96,8.883090200802513,0.07690979919748742
2010THOM03,power_law,2262.0,12.29,8.882786902645792,3.407213097354207
2010THOM03,power_law,2263.0,7.87,8.882483782431347,-1.0124837824313468
2010THOM03,power_law,2264.0,8.8,8.882180839976222,-0.08218083997622116
2010THOM03,power_law,2265.0,7.67,8.881878075097728,-1.2118780750977276
2010THOM03,power_law,2266.0,11.03,8.88157548761344,2.14842451238656
2010THOM03,power_law,2267.0,8.23,8.881273077341206,-0.6512730773412052
2010THOM03,power_law,2268.0,8.14,8.880970844099135,-0.7409708440991345
2010THOM03,power_law,2269.0,7.48,8.880668787705615,-1.400668787705614
2010THOM03,power_law,2270.0,7.54,8.880366907979283,-1.3403669079792833
2010THOM03,power_law,2271.0,7.03,8.880065204739058,-1.8500652047390576
2010THOM03,power_law,2272.0,8.44,8.879763677804114,-0.4397636778041143
2010THOM03,power_law,2273.0,9.05,8.879462326993893,0.17053767300610723
2010THOM03,power_law,2274.0,9.14,8.879161152128102,0.2608388478718986
2010THOM03,power_law,2275.0,7.27,8.87886015302671,-1.6088601530267113
2010THOM03,power_law,2276.0,9.19,8.878559329509951,0.31144067049004853
2010THOM03,power_law,2277.0,8.23,8.878258681398322,-0.6482586813983211
2010THOM03,power_law,2278.0,8.74,8.877958208512577,-0.13795820851257723
2010THOM03,power_law,2279.0,6.98,8.87765791067374,-1.8976579106737397
2010THOM03,power_law,2280.0,9.13,8.87735778770309,0.25264221229691053
2010THOM03,power_law,2281.0,8.36,8.87705783942217,-0.5170578394221703
2010THOM03,power_law,2282.0,8.81,8.87675806565278,-0.06675806565277931
2010THOM03,power_law,2283.0,5.69,8.876458466216986,-3.186458466216986
2010THOM03,power_law,2284.0,6.74,8.876159040937106,-2.1361590409371054
2010THOM03,power_law,2285.0,9.67,8.87585978963572,0.7941402103642794
2010THOM03,power_law,2286.0,8.61,8.875560712135668,-0.26556071213566845
2010THOM03,power_law,2287.0,9.73,8.875261808260044,0.8547381917399566
2010THOM03,power_law,2288.0,9.02,8.874963077832202,0.1450369221677974
2010THOM03,power_law,2289.0,9.01,8.874664520675754,0.1353354793242456
2010THOM03,power_law,2290.0,7.36,8.874366136614565,-1.5143661366145649
2010THOM03,power_law,2291.0,10.95,8.874067925472756,2.075932074527243
2010THOM03,power_law,2292.0,10.01,8.873769887074706,1.1362301129252934
2010THOM03,power_law,2293.0,10.39,8.87347202124505,1.5165279787549508
2010THOM03,power_law,2294.0,9.22,8.87317432780867,0.346825672191331
2010THOM03,power_law,2295.0,9.36,8.87287680659071,0.487123193409289
2010THOM03,power_law,2296.0,8.4,8.872579457416567,-0.4725794574165665
2010THOM03,power_law,2297.0,11.24,8.872282280111882,2.367717719888118
2010THOM03,power_law,2298.0,10.49,8.871985274502562,1.6180147254974386
2010THOM03,power_law,2299.0,9.2,8.871688440414754,0.32831155958524505
2010THOM03,power_law,2300.0,7.5,8.871391777674862,-1.3713917776748623
2010THOM03,power_law,2301.0,8.91,8.871095286109542,0.03890471389045835
2010THOM03,power_law,2302.0,8.43,8.8707989655457,-0.4407989655456994
2010THOM03,power_law,2303.0,9.28,8.870502815810488,0.40949718418951164
2010THOM03,power_law,2304.0,8.82,8.870206836731313,-0.050206836731312876
2010THOM03,power_law,2305.0,10.31,8.86991102813583,1.4400889718641707
2010THOM03,power_law,2306.0,8.28,8.86961538985194,-0.5896153898519412
2010THOM03,power_law,2307.0,9.51,8.869319921707795,0.6406800782922044
2010THOM03,power_law,2308.0,7.4,8.869024623531795,-1.4690246235317943
2010THOM03,power_law,2309.0,8.52,8.868729495152584,-0.34872949515258433
2010THOM03,power_law,2310.0,9.32,8.868434536399056,0.45156546360094474
2010THOM03,power_law,2311.0,9.57,8.86813974710035,0.7018602528996496
2010THOM03,power_law,2312.0,8.99,8.867845127085856,0.12215487291414462
2010THOM03,power_law,2313.0,7.79,8.867550676185198,-1.077550676185198
2010THOM03,power_law,2314.0,7.82,8.867256394228255,-1.0472563942282545
2010THOM03,power_law,2315.0,7.71,8.866962281045149,-1.156962281045149
2010THOM03,power_law,2316.0,7.28,8.866668336466242,-1.586668336466242
2010THOM03,power_law,2317.0,10.92,8.866374560322145,2.0536254396778553
2010THOM03,power_law,2318.0,8.78,8.866080952443706,-0.08608095244370695
2010THOM03,power_law,2319.0,11.03,8.865787512662024,2.1642124873379753
2010THOM03,power_law,2320.0,9.14,8.865494240808431,0.2745057591915696
2010THOM03,power_law,2321.0,7.98,8.865201136714507,-0.8852011367145067
2010THOM03,power_law,2322.0,9.79,8.864908200212074,0.9250917997879249
2010THOM03,power_law,2323.0,11.0,8.864615431133188,2.1353845688668116
2010THOM03,power_law,2324.0,10.29,8.864322829310154,1.4256771706898448
2010THOM03,power_law,2325.0,8.23,8.864030394575513,-0.6340303945755128
2010THOM03,power_law,2326.0,13.56,8.863738126762044,4.696261873237956
2010THOM03,power_law,2327.0,11.91,8.863446025702768,3.0465539742972325
2010THOM03,power_law,2328.0,6.54,8.863154091230943,-2.3231540912309425
2010THOM03,power_law,2329.0,9.16,8.862862323180064,0.2971376768199363
2010THOM03,power_law,2330.0,7.53,8.862570721383872,-1.3325707213838713
2010THOM03,power_law,2331.0,7.16,8.862279285676333,-1.7022792856763331
2010THOM03,power_law,2332.0,8.11,8.861988015891658,-0.7519880158916585
2010THOM03,power_law,2333.0,10.56,8.861696911864293,1.6983030881357077
2010THOM03,power_law,2334.0,7.79,8.86140597342892,-1.0714059734289192
2010THOM03,power_law,2335.0,8.59,8.861115200420455,-0.27111520042045534
2010THOM03,power_law,2336.0,8.62,8.860824592674051,-0.24082459267405198
2010THOM03,power_law,2337.0,9.37,8.860534150025096,0.5094658499749034
2010THOM03,power_law,2338.0,8.77,8.86024387230921,-0.09024387230921072
2010THOM03,power_law,2339.0,7.23,8.859953759362249,-1.6299537593622482
2010THOM03,power_law,2340.0,11.48,8.859663811020301,2.6203361889796994
2010THOM03,power_law,2341.0,11.8,8.85937402711969,2.9406259728803104
2010THOM03,power_law,2342.0,9.74,8.859084407496969,0.8809155925030314
2010THOM03,power_law,2343.0,8.7,8.858794951988923,-0.15879495198892357
2010THOM03,power_law,2344.0,7.66,8.858505660432574,-1.1985056604325734
2010THOM03,power_law,2345.0,7.5,8.858216532665168,-1.3582165326651676
2010THOM03,power_law,2346.0,8.72,8.857927568524186,-0.13792756852418542
2010THOM03,power_law,2347.0,10.11,8.857638767847341,1.2523612321526585
2010THOM03,power_law,2348.0,6.92,8.857350130472573,-1.9373501304725735
2010THOM03,power_law,2349.0,7.92,8.857061656238052,-0.9370616562380523
2010THOM03,power_law,2350.0,7.83,8.856773344982177,-1.0267733449821765
2010THOM03,power_law,2351.0,8.11,8.856485196543579,-0.7464851965435795
2010THOM03,power_law,2352.0,8.84,8.856197210761112,-0.01619721076111169
2010THOM03,power_law,2353.0,8.09,8.855909387473861,-0.7659093874738616
2010THOM03,power_law,2354.0,7.96,8.855621726521141,-0.8956217265211412
2010THOM03,power_law,2355.0,10.4,8.855334227742489,1.5446657722575114
2010THOM03,power_law,2356.0,9.68,8.85504689097767,0.8249531090223297
2010THOM03,power_law,2357.0,6.84,8.854759716066678,-2.0147597160666777
2010THOM03,power_law,2358.0,8.08,8.85447270284973,-0.7744727028497298
2010THOM03,power_law,2359.0,8.3,8.85418585116727,-0.5541858511672686
2010THOM03,power_law,2360.0,8.08,8.853899160859967,-0.7738991608599672
2010THOM03,power_law,2361.0,6.8,8.853612631768712,-2.0536126317687122
2010THOM03,power_law,2362.0,8.36,8.853326263734624,-0.49332626373462496
2010THOM03,power_law,2363.0,12.84,8.853040056599042,3.986959943400958
2010THOM03,power_law,2364.0,10.15,8.852754010203533,1.2972459897964672
2010THOM03,power_law,2365.0,14.83,8.852468124389883,5.977531875610117
2010THOM03,power_law,2366.0,7.17,8.852182399000101,-1.6821823990001015
2010THOM03,power_law,2367.0,9.96,8.85189683387642,1.1081031661235805
2010THOM03,power_law,2368.0,7.34,8.851611428861293,-1.5116114288612934
2010THOM03,power_law,2369.0,7.73,8.851326183797394,-1.1213261837973931
2010THOM03,power_law,2370.0,9.15,8.85104109852762,0.29895890147238013
2010THOM03,power_law,2371.0,10.06,8.850756172895089,1.2092438271049115
2010THOM03,power_law,2372.0,6.51,8.850471406743134,-2.3404714067431343
2010THOM03,power_law,2373.0,8.99,8.850186799915313,0.13981320008468678
2010THOM03,power_law,2374.0,6.83,8.849902352255402,-2.019902352255402
2010THOM03,power_law,2375.0,8.87,8.849618063607394,0.02038193639260477
2010THOM03,power_law,2376.0,8.58,8.849333933815505,-0.2693339338155045
2010THOM03,power_law,2377.0,9.0,8.84904996272416,0.15095003727583922
2010THOM03,power_law,2378.0,9.84,8.848766150178015,0.9912338498219846
2010THOM03,power_law,2379.0,12.51,8.848482496021932,3.661517503978068
2010THOM03,power_law,2380.0,11.51,8.848199000100994,2.6618009998990058
2010THOM03,power_law,2381.0,11.29,8.847915662260501,2.442084337739498
2010THOM03,power_law,2382.0,8.02,8.847632482345968,-0.8276324823459689
2010THOM03,power_law,2383.0,9.29,8.847349460203128,0.44265053979687075
2010THOM03,power_law,2384.0,8.04,8.847066595677928,-0.807066595677929
2010THOM03,power_law,2385.0,8.06,8.846783888616528,-0.7867838886165277
2010THOM03,power_law,2386.0,9.85,8.846501338865304,1.0034986611346959
2010THOM03,power_law,2387.0,10.52,8.846218946270849,1.6737810537291509
2010THOM03,power_law,2388.0,6.69,8.845936710679963,-2.1559367106799625
2010THOM03,power_law,2389.0,8.54,8.845654631939668,-0.30565463193966913
2010THOM03,power_law,2390.0,9.21,8.845372709897195,0.36462729010280626
2010THOM03,power_law,2391.0,11.21,8.845090944399981,2.3649090556000196
2010THOM03,power_law,2392.0,11.61,8.84480933529569,2.76519066470431
2010THOM03,power_law,2393.0,10.39,8.844527882432182,1.5454721175678188
2010THOM03,power_law,2394.0,9.21,8.84424658565754,0.36575341434246056
2010THOM03,power_law,2395.0,11.32,8.843965444820055,2.476034555179945
2010THOM03,power_law,2396.0,10.07,8.843684459768225,1.2263155402317754
2010THOM03,power_law,2397.0,8.18,8.843403630350762,-0.6634036303507624
2010THOM03,power_law,2398.0,8.68,8.843122956416588,-0.16312295641658814
2010THOM03,power_law,2399.0,9.5,8.84284243781483,0.6571575621851693
2010THOM03,power_law,2400.0,6.2,8.842562074394834,-2.642562074394834
2010THOM03,power_law,2401.0,9.9,8.842281866006143,1.0577181339938573
2010THOM03,power_law,2402.0,9.18,8.842001812498518,0.3379981875014817
2010THOM03,power_law,2403.0,8.69,8.841721913721921,-0.15172191372192145
2010THOM03,power_law,2404.0,13.7,8.841442169526527,4.8585578304734724
2010THOM03,power_law,2405.0,9.73,8.841162579762715,0.8888374202372855
2010THOM03,power_law,2406.0,7.88,8.840883144281072,-0.9608831442810724
2010THOM03,power_law,2407.0,10.85,8.840603862932394,2.009396137067606
2010THOM03,power_law,2408.0,10.59,8.840324735567679,1.7496752644323212
2010THOM03,power_law,2409.0,10.15,8.840045762038132,1.3099542379618683
2010THOM03,power_law,2410.0,9.35,8.839766942195167,0.5102330578048324
2010THOM03,power_law,2411.0,9.23,8.839488275890398,0.39051172410960255
2010THOM03,power_law,2412.0,7.59,8.839209762975646,-1.2492097629756458
2010THOM03,power_law,2413.0,9.69,8.838931403302938,0.8510685966970613
2010THOM03,power_law,2414.0,8.57,8.838653196724502,-0.26865319672450205
2010THOM03,power_law,2415.0,7.9,8.838375143092772,-0.938375143092772
2010THOM03,power_law,2416.0,7.91,8.838097242260384,-0.9280972422603835
2010THOM03,power_law,2417.0,7.71,8.837819494080177,-1.1278194940801773
2010THOM03,power_law,2418.0,10.98,8.837541898405194,2.1424581015948068
2010THOM03,power_law,2419.0,9.55,8.837264455088675,0.7127355449113253
2010THOM03,power_law,2420.0,10.81,8.836987163984073,1.9730128360159274
2010THOM03,power_law,2421.0,8.12,8.83671002494503,-0.71671002494503
2010THOM03,power_law,2422.0,8.68,8.836433037825394,-0.1564330378253942
2010THOM03,power_law,2423.0,11.64,8.836156202479215,2.803843797520786
2010THOM03,power_law,2424.0,7.99,8.835879518760743,-0.8458795187607429
2010THOM03,power_law,2425.0,8.17,8.835602986524428,-0.6656029865244282
2010THOM03,power_law,2426.0,10.19,8.835326605624918,1.354673394375082
2010THOM03,power_law,2427.0,10.33,8.835050375917062,1.4949496240829383
2010THOM03,power_law,2428.0,9.29,8.834774297255908,0.4552257027440909
2010THOM03,power_law,2429.0,9.2,8.8344983694967,0.3655016305032994
2010THOM03,power_law,2430.0,7.45,8.834222592494884,-1.3842225924948837
2010THOM03,power_law,2431.0,8.85,8.833946966106101,0.01605303389389867
2010THOM03,power_law,2432.0,9.66,8.833671490186191,0.8263285098138091
2010THOM03,power_law,2433.0,8.05,8.833396164591193,-0.783396164591192
2010THOM03,power_law,2434.0,7.62,8.833120989177338,-1.2131209891773382
2010THOM03,power_law,2435.0,9.0,8.832845963801056,0.1671540361989443
2010THOM03,power_law,2436.0,8.79,8.832571088318975,-0.042571088318975825
2010THOM03,power_law,2437.0,8.71,8.832296362587915,-0.12229636258791388
2010THOM03,power_law,2438.0,7.48,8.832021786464896,-1.3520217864648956
2010THOM03,power_law,2439.0,8.07,8.83174735980713,-0.7617473598071296
2010THOM03,power_law,2440.0,10.52,8.831473082472023,1.6885269175279767
2010THOM03,power_law,2441.0,8.36,8.831198954317177,-0.4711989543171775
2010THOM03,power_law,2442.0,10.38,8.83092497520039,1.5490750247996115
2010THOM03,power_law,2443.0,10.13,8.83065114497965,1.2993488550203516
2010THOM03,power_law,2444.0,8.45,8.830377463513138,-0.3803774635131383
2010THOM03,power_law,2445.0,7.61,8.830103930659234,-1.220103930659234
2010THOM03,power_law,2446.0,7.42,8.829830546276504,-1.4098305462765044
2010THOM03,power_law,2447.0,6.94,8.82955731022371,-1.8895573102237089
2010THOM03,power_law,2448.0,9.08,8.829284222359803,0.25071577764019715
2010THOM03,power_law,2449.0,8.7,8.82901128254393,-0.12901128254393157
2010THOM03,power_law,2450.0,9.18,8.828738490635429,0.351261509364571
2010THOM03,power_law,2451.0,9.29,8.828465846493822,0.461534153506177
2010THOM03,power_law,2452.0,7.87,8.828193349978829,-0.9581933499788287
2010THOM03,power_law,2453.0,8.32,8.827921000950358,-0.5079210009503576
2010THOM03,power_law,2454.0,12.4,8.827648799268507,3.572351200731493
2010THOM03,power_law,2455.0,10.25,8.827376744793565,1.4226232552064353
2010THOM03,power_law,2456.0,8.11,8.827104837386006,-0.7171048373860067
2010THOM03,power_law,2457.0,10.48,8.826833076906496,1.6531669230935044
2010THOM03,power_law,2458.0,10.32,8.826561463215892,1.493438536784108
2010THOM03,power_law,2459.0,8.06,8.826289996175237,-0.766289996175237
2010THOM03,power_law,2460.0,7.09,8.82601867564576,-1.7360186756457594
2010THOM03,power_law,2461.0,10.36,8.82574750148888,1.534252498511119
2010THOM03,power_law,2462.0,11.99,8.825476473566203,3.164523526433797
2010THOM03,power_law,2463.0,9.21,8.825205591739522,0.38479440826047906
2010THOM03,power_law,2464.0,14.83,8.824934855870815,6.005065144129185
2010THOM03,power_law,2465.0,7.94,8.82466426582225,-0.8846642658222494
2010THOM03,power_law,2466.0,9.7,8.824393821456177,0.8756061785438227
2010THOM03,power_law,2467.0,10.99,8.824123522635135,2.165876477364865
2010THOM03,power_law,2468.0,10.56,8.823853369221846,1.7361466307781548
2010THOM03,power_law,2469.0,9.36,8.82358336107922,0.5364166389207803
2010THOM03,power_law,2470.0,10.92,8.823313498070345,2.096686501929655
2010THOM03,power_law,2471.0,8.64,8.823043780058502,-0.18304378005850097
2010THOM03,power_law,2472.0,7.69,8.82277420690715,-1.1327742069071496
2010THOM03,power_law,2473.0,8.11,8.822504778479935,-0.7125047784799357
2010THOM03,power_law,2474.0,8.46,8.822235494640687,-0.36223549464068583
2010THOM03,power_law,2475.0,8.39,8.821966355253412,-0.43196635525341165
2010THOM03,power_law,2476.0,9.67,8.821697360182311,0.8483026398176889
2010THOM03,power_law,2477.0,9.21,8.821428509291755,0.38857149070824626
2010THOM03,power_law,2478.0,8.55,8.821159802446305,-0.271159802446304
2010THOM03,power_law,2479.0,8.9,8.8208912395107,0.07910876048929971
2010THOM03,power_law,2480.0,7.45,8.820622820349865,-1.3706228203498645
2010THOM03,power_law,2481.0,9.99,8.8203545448289,1.1696454551711
2010THOM03,power_law,2482.0,12.17,8.82008641281309,3.3499135871869097
2010THOM03,power_law,2483.0,8.33,8.819818424167902,-0.4898184241679022
2010THOM03,power_law,2484.0,7.69,8.81955057875898,-1.1295505787589795
2010THOM03,power_law,2485.0,9.73,8.819282876452146,0.9107171235478546
2010THOM03,power_law,2486.0,9.3,8.819015317113408,0.4809846828865929
2010THOM03,power_law,2487.0,12.39,8.818747900608946,3.571252099391055
2010THOM03,power_law,2488.0,9.53,8.818480626805126,0.7115193731948732
2010THOM03,power_law,2489.0,11.03,8.81821349556849,2.21178650443151
2010THOM03,power_law,2490.0,9.64,8.817946506765754,0.8220534932342467
2010THOM03,power_law,2491.0,7.8,8.817679660263819,-1.017679660263819
2010THOM03,power_law,2492.0,13.66,8.817412955929758,4.8425870440702425
2010THOM03,power_law,2493.0,7.25,8.817146393630827,-1.5671463936308268
2010THOM03,power_law,2494.0,9.88,8.816879973234455,1.0631200267655458
2010THOM03,power_law,2495.0,7.54,8.816613694608249,-1.2766136946082485
2010THOM03,power_law,2496.0,9.64,8.816347557619991,0.8236524423800091
2010THOM03,power_law,2497.0,8.63,8.816081562137644,-0.18608156213764282
2010THOM03,power_law,2498.0,10.63,8.81581570802934,1.8141842919706601
2010THOM03,power_law,2499.0,9.54,8.815549995163394,0.7244500048366049
2010THOM03,power_law,2500.0,9.25,8.81528442340829,0.4347155765917101
2010THOM03,power_law,2501.0,9.62,8.815018992632691,0.8049810073673083
2010THOM03,power_law,2502.0,8.88,8.814753702705431,0.06524629729456954
2010THOM03,power_law,2503.0,6.61,8.814488553495522,-2.204488553495522
2010THOM03,power_law,2504.0,9.97,8.814223544872151,1.1557764551278495
2010THOM03,power_law,2505.0,10.09,8.813958676704672,1.2760413232953276
2010THOM03,power_law,2506.0,7.67,8.813693948862621,-1.1436939488626212
2010THOM03,power_law,2507.0,8.17,8.8134293612157,-0.6434293612157003
2010THOM03,power_law,2508.0,9.7,8.81316491363379,0.8868350863662098
2010THOM03,power_law,2509.0,8.94,8.81290060598694,0.1270993940130598
2010THOM03,power_law,2510.0,7.55,8.812636438145374,-1.2626364381453739
2010THOM03,power_law,2511.0,8.22,8.812372409979485,-0.5923724099794843
2010THOM03,power_law,2512.0,10.14,8.812108521359843,1.3278914786401579
2010THOM03,power_law,2513.0,7.57,8.811844772157182,-1.2418447721571813
2010THOM03,power_law,2514.0,7.57,8.811581162242414,-1.2415811622424133
2010THOM03,power_law,2515.0,8.61,8.811317691486618,-0.2013176914866186
2010THOM03,power_law,2516.0,10.92,8.811054359761046,2.1089456402389537
2010THOM03,power_law,2517.0,8.92,8.810791166937118,0.10920883306288154
2010THOM03,power_law,2518.0,11.21,8.810528112886423,2.3994718871135774
2010THOM03,power_law,2519.0,8.52,8.810265197480724,-0.2902651974807249
2010THOM03,power_law,2520.0,8.82,8.81000242059195,0.009997579408050683
2010THOM03,power_law,2521.0,9.06,8.809739782092198,0.25026021790780284
2010THOM03,power_law,2522.0,7.51,8.809477281853736,-1.2994772818537363
2010THOM03,power_law,2523.0,7.52,8.809214919749001,-1.2892149197490017
2010THOM03,power_law,2524.0,11.73,8.8089526956506,2.9210473043494005
2010THOM03,power_law,2525.0,8.6,8.808690609431299,-0.20869060943129902
2010THOM03,power_law,2526.0,6.53,8.808428660964042,-2.2784286609640416
2010THOM03,power_law,2527.0,9.95,8.808166850121935,1.1418331498780638
2010THOM03,power_law,2528.0,9.99,8.807905176778252,1.1820948232217479
2010THOM03,power_law,2529.0,9.24,8.807643640806436,0.4323563591935642
2010THOM03,power_law,2530.0,8.55,8.807382242080092,-0.25738224208009086
2010THOM03,power_law,2531.0,8.84,8.807120980472991,0.03287901952700878
2010THOM03,power_law,2532.0,10.23,8.806859855859079,1.4231401441409215
2010THOM03,power_law,2533.0,9.83,8.806598868112456,1.0234011318875442
2010THOM03,power_law,2534.0,8.73,8.806338017107393,-0.07633801710739263
2010THOM03,power_law,2535.0,8.06,8.806077302718329,-0.7460773027183283
2010THOM03,power_law,2536.0,7.41,8.80581672481986,-1.3958167248198592
2010THOM03,power_law,2537.0,12.54,8.805556283286752,3.7344437167132476
2010THOM03,power_law,2538.0,10.37,8.805295977993936,1.5647040220060635
2010THOM03,power_law,2539.0,12.29,8.805035808816502,3.484964191183497
2010THOM03,power_law,2540.0,11.56,8.804775775629707,2.755224224370293
2010THOM03,power_law,2541.0,7.81,8.804515878308974,-0.9945158783089747
2010THOM03,power_law,2542.0,8.46,8.804256116729883,-0.3442561167298823
2010THOM03,power_law,2543.0,8.1,8.803996490768181,-0.7039964907681817
2010THOM03,power_law,2544.0,9.58,8.803737000299776,0.7762629997002239
2010THOM03,power_law,2545.0,7.25,8.803477645200736,-1.5534776452007364
2010THOM03,power_law,2546.0,7.26,8.8032184253473,-1.5432184253473
2010THOM03,power_law,2547.0,9.01,8.802959340615857,0.20704065938414296
2010THOM03,power_law,2548.0,10.83,8.802700390882965,2.027299609117035
2010THOM03,power_law,2549.0,8.88,8.802441576025341,0.07755842397465962
2010THOM03,power_law,2550.0,8.78,8.802182895919861,-0.022182895919861778
2010THOM03,power_law,2551.0,9.36,8.801924350443564,0.5580756495564358
2010THOM03,power_law,2552.0,10.84,8.80166593947365,2.038334060526349
2010THOM03,power_law,2553.0,9.6,8.80140766288748,0.7985923371125203
2010THOM03,power_law,2554.0,12.19,8.801149520562568,3.3888504794374317
2010THOM03,power_law,2555.0,8.28,8.800891512376595,-0.5208915123765951
2010THOM03,power_law,2556.0,7.07,8.800633638207398,-1.7306336382073972
2010THOM03,power_law,2557.0,9.75,8.800375897932973,0.9496241020670269
2010THOM03,power_law,2558.0,8.53,8.800118291431474,-0.2701182914314746
2010THOM03,power_law,2559.0,12.73,8.79986081858122,3.930139181418781
2010THOM03,power_law,2560.0,10.09,8.799603479260675,1.2903965207393249
2010THOM03,power_law,2561.0,8.3,8.799346273348476,-0.4993462733484755
2010THOM03,power_law,2562.0,9.73,8.799089200723406,0.9309107992765941
2010THOM03,power_law,2563.0,8.57,8.798832261264412,-0.22883226126441158
2010THOM03,power_law,2564.0,10.36,8.798575454850594,1.5614245451494053
2010THOM03,power_law,2565.0,9.23,8.798318781361214,0.4316812186387864
2010THOM03,power_law,2566.0,9.43,8.798062240675684,0.6319377593243161
2010THOM03,power_law,2567.0,8.64,8.797805832673575,-0.1578058326735743
2010THOM03,power_law,2568.0,8.69,8.79754955723462,-0.1075495572346199
2010THOM03,power_law,2569.0,10.44,8.797293414238698,1.6427065857613012
2010THOM03,power_law,2570.0,10.22,8.79703740356585,1.4229625964341501
2010THOM03,power_law,2571.0,8.29,8.79678152509627,-0.5067815250962706
2010THOM03,power_law,2572.0,10.88,8.796525778710308,2.083474221289693
2010THOM03,power_law,2573.0,8.92,8.796270164288465,0.12372983571153462
2010THOM03,power_law,2574.0,7.69,8.796014681711405,-1.1060146817114047
2010THOM03,power_law,2575.0,11.39,8.795759330859937,2.5942406691400635
2010THOM03,power_law,2576.0,7.41,8.79550411161503,-1.3855041116150293
2010THOM03,power_law,2577.0,8.45,8.795249023857803,-0.34524902385780365
2010THOM03,power_law,2578.0,9.36,8.794994067469531,0.5650059325304682
2010THOM03,power_law,2579.0,16.56,8.79473924233164,7.765260757668358
2010THOM03,power_law,2580.0,8.93,8.794484548325713,0.13551545167428714
2010THOM03,power_law,2581.0,7.14,8.79422998533348,-1.6542299853334805
2010THOM03,power_law,2582.0,8.51,8.793975553236828,-0.28397555323682866
2010THOM03,power_law,2583.0,8.98,8.793721251917795,0.18627874808220568
2010THOM03,power_law,2584.0,10.96,8.79346708125857,2.1665329187414315
2010THOM03,power_law,2585.0,10.83,8.793213041141492,2.0367869588585084
2010THOM03,power_law,2586.0,8.61,8.792959131449054,-0.18295913144905462
2010THOM03,power_law,2587.0,8.69,8.792705352063903,-0.10270535206390363
2010THOM03,power_law,2588.0,9.91,8.792451702868831,1.1175482971311688
2010THOM03,power_law,2589.0,7.48,8.792198183746784,-1.3121981837467835
2010THOM03,power_law,2590.0,9.56,8.791944794580855,0.7680552054191452
2010THOM03,power_law,2591.0,9.51,8.791691535254294,0.7183084647457054
2010THOM03,power_law,2592.0,8.41,8.791438405650496,-0.3814384056504956
2010THOM03,power_law,2593.0,7.37,8.791185405653003,-1.421185405653003
2010THOM03,power_law,2594.0,7.22,8.790932535145513,-1.5709325351455137
2010THOM03,power_law,2595.0,10.17,8.79067979401187,1.3793202059881295
2010THOM03,power_law,2596.0,9.82,8.790427182136064,1.0295728178639365
2010THOM03,power_law,2597.0,12.09,8.79017469940224,3.2998253005977602
2010THOM03,power_law,2598.0,7.39,8.789922345694684,-1.3999223456946845
2010THOM03,power_law,2599.0,8.6,8.789670120897839,-0.18967012089783886
2010THOM03,power_law,2600.0,8.46,8.789418024896287,-0.32941802489628635
2010THOM03,power_law,2601.0,9.99,8.789166057574763,1.2008339424252377
2010THOM03,power_law,2602.0,7.46,8.788914218818146,-1.328914218818146
2010THOM03,power_law,2603.0,8.72,8.788662508511468,-0.06866250851146738
2010THOM03,power_law,2604.0,8.52,8.788410926539903,-0.2684109265399037
2010THOM03,power_law,2605.0,11.78,8.788159472788772,2.9918405272112274
2010THOM03,power_law,2606.0,9.48,8.787908147143542,0.6920918528564588
2010THOM03,power_law,2607.0,9.83,8.78765694948983,1.042343050510171
2010THOM03,power_law,2608.0,6.53,8.787405879713395,-2.257405879713395
2010THOM03,power_law,2609.0,7.63,8.787154937700144,-1.1571549377001444
2010THOM03,power_law,2610.0,7.8,8.78690412333613,-0.9869041233361306
2010THOM03,power_law,2611.0,10.1,8.786653436507546,1.3133465634924537
2010THOM03,power_law,2612.0,8.46,8.786402877100738,-0.3264028771007368
2010THOM03,power_law,2613.0,9.51,8.786152445002191,0.7238475549978087
2010THOM03,power_law,2614.0,11.23,8.785902140098536,2.444097859901465
2010THOM03,power_law,2615.0,8.09,8.785651962276546,-0.6956519622765462
2010THOM03,power_law,2616.0,7.27,8.785401911423145,-1.5154019114231456
2010THOM03,power_law,2617.0,8.69,8.785151987425396,-0.0951519874253961
2010THOM03,power_law,2618.0,7.46,8.784902190170502,-1.3249021901705023
2010THOM03,power_law,2619.0,8.12,8.784652519545816,-0.6646525195458164
2010THOM03,power_law,2620.0,7.67,8.78440297543883,-1.1144029754388303
2010THOM03,power_law,2621.0,7.57,8.78415355773718,-1.2141535577371805
2010THOM03,power_law,2622.0,8.47,8.783904266328648,-0.3139042663286471
2010THOM03,power_law,2623.0,8.31,8.78365510110115,-0.4736551011011496
2010THOM03,power_law,2624.0,7.69,8.783406061942753,-1.0934060619427521
2010THOM03,power_law,2625.0,7.76,8.783157148741662,-1.023157148741662
2010THOM03,power_law,2626.0,11.27,8.78290836138622,2.48709163861378
2010THOM03,power_law,2627.0,7.2,8.78265969976492,-1.5826596997649203
2010THOM03,power_law,2628.0,7.42,8.78241116376639,-1.3624111637663905
2010THOM03,power_law,2629.0,9.08,8.7821627532794,0.29783724672060075
2010THOM03,power_law,2630.0,8.31,8.78191446819286,-0.47191446819285865
2010THOM03,power_law,2631.0,11.28,8.781666308395824,2.4983336916041754
2010THOM03,power_law,2632.0,8.5,8.781418273777483,-0.28141827377748285
2010THOM03,power_law,2633.0,8.52,8.781170364227167,-0.26117036422716744
2010THOM03,power_law,2634.0,8.34,8.780922579634353,-0.44092257963435344
2010THOM03,power_law,2635.0,8.37,8.780674919888648,-0.410674919888649
2010THOM03,power_law,2636.0,8.65,8.780427384879804,-0.13042738487980365
2010THOM03,power_law,2637.0,8.76,8.780179974497711,-0.020179974497711584
2010THOM03,power_law,2638.0,7.56,8.7799326886324,-1.2199326886324
2010THOM03,power_law,2639.0,10.6,8.779685527174035,1.8203144728259648
2010THOM03,power_law,2640.0,7.9,8.779438490012925,-0.8794384900129248
2010THOM03,power_law,2641.0,10.05,8.779191577039514,1.2708084229604868
2010THOM03,power_law,2642.0,8.36,8.778944788144381,-0.4189447881443815
2010THOM03,power_law,2643.0,10.24,8.778698123218248,1.4613018767817518
2010THOM03,power_law,2644.0,9.45,8.778451582151975,0.6715484178480242
2010THOM03,power_law,2645.0,9.13,8.778205164836553,0.35179483516344767
2010THOM03,power_law,2646.0,9.05,8.777958871163117,0.272041128836884
2010THOM03,power_law,2647.0,9.65,8.777712701022933,0.8722872989770671
2010THOM03,power_law,2648.0,7.96,8.77746665430741,-0.8174666543074105
2010THOM03,power_law,2649.0,8.65,8.777220730908088,-0.12722073090808728
2010THOM03,power_law,2650.0,10.83,8.776974930716642,2.0530250692833576
2010THOM03,power_law,2651.0,7.59,8.776729253624893,-1.1867292536248932
2010THOM03,power_law,2652.0,8.41,8.776483699524785,-0.3664836995247853
2010THOM03,power_law,2653.0,9.63,8.776238268308406,0.8537617316915949
2010THOM03,power_law,2654.0,10.83,8.775992959867976,2.0540070401320243
2010THOM03,power_law,2655.0,11.29,8.775747774095851,2.5142522259041478
2010THOM03,power_law,2656.0,7.07,8.775502710884522,-1.705502710884522
2010THOM03,power_law,2657.0,9.79,8.775257770126615,1.0147422298733844
2010THOM03,power_law,2658.0,8.53,8.775012951714888,-0.24501295171488913
2010THOM03,power_law,2659.0,10.11,8.774768255542236,1.3352317444577633
2010THOM03,power_law,2660.0,7.72,8.774523681501687,-1.0545236815016876
2010THOM03,power_law,2661.0,8.12,8.774279229486403,-0.6542792294864039
2010THOM03,power_law,2662.0,8.32,8.774034899389678,-0.45403489938967745
2010THOM03,power_law,2663.0,7.58,8.773790691104942,-1.193790691104942
2010THOM03,power_law,2664.0,9.33,8.773546604525757,0.556453395474243
2010THOM03,power_law,2665.0,8.81,8.773302639545818,0.03669736045418226
2010THOM03,power_law,2666.0,7.76,8.773058796058951,-1.0130587960589512
2010THOM03,power_law,2667.0,9.67,8.772815073959116,0.8971849260408842
2010THOM03,power_law,2668.0,8.91,8.772571473140408,0.13742852685959228
2010THOM03,power_law,2669.0,7.92,8.772327993497047,-0.8523279934970471
2010THOM03,power_law,2670.0,8.01,8.772084634923392,-0.7620846349233918
2010THOM03,power_law,2671.0,7.87,8.77184139731393,-0.9018413973139294
2010THOM03,power_law,2672.0,8.56,8.77159828056328,-0.21159828056327967
2010THOM03,power_law,2673.0,10.53,8.771355284566193,1.7586447154338067
2010THOM03,power_law,2674.0,7.04,8.77111240921755,-1.7311124092175492
2010THOM03,power_law,2675.0,9.79,8.77086965441236,1.019130345587639
2010THOM03,power_law,2676.0,7.93,8.77062702004577,-0.8406270200457708
2010THOM03,power_law,2677.0,7.46,8.770384506013054,-1.3103845060130537
2010THOM03,power_law,2678.0,8.54,8.770142112209609,-0.23014211220960945
2010THOM03,power_law,2679.0,7.26,8.769899838530973,-1.5098998385309734
2010THOM03,power_law,2680.0,8.14,8.769657684872808,-0.6296576848728073
2010THOM03,power_law,2681.0,7.03,8.769415651130906,-1.7394156511309058
2010THOM03,power_law,2682.0,7.47,8.769173737201188,-1.2991737372011878
2010THOM03,power_law,2683.0,8.56,8.768931942979703,-0.20893194297970297
2010THOM03,power_law,2684.0,7.81,8.768690268362636,-0.9586902683626368
2010THOM03,power_law,2685.0,8.7,8.76844871324629,-0.06844871324629054
2010THOM03,power_law,2686.0,7.53,8.768207277527104,-1.2382072775271036
2010THOM03,power_law,2687.0,7.82,8.767965961101643,-0.9479659611016427
2010THOM03,power_law,2688.0,9.95,8.7677247638666,1.1822752361333997
2010THOM03,power_law,2689.0,10.91,8.767483685718796,2.1425163142812043
2010THOM03,power_law,2690.0,9.55,8.767242726555178,0.7827572734448225
2010THOM03,power_law,2691.0,8.04,8.767001886272826,-0.7270018862728271
2010THOM03,power_law,2692.0,7.57,8.766761164768939,-1.1967611647689385
2010THOM03,power_law,2693.0,13.17,8.76652056194085,4.403479438059151
2010THOM03,power_law,2694.0,6.98,8.766280077686012,-1.786280077686012
2010THOM03,power_law,2695.0,11.39,8.766039711902014,2.6239602880979866
2010THOM03,power_law,2696.0,7.78,8.765799464486564,-0.985799464486564
2010THOM03,power_law,2697.0,8.11,8.765559335337498,-0.6555593353374984
2010THOM03,power_law,2698.0,7.49,8.765319324352777,-1.2753193243527772
2010THOM03,power_law,2699.0,8.23,8.765079431430493,-0.5350794314304927
2010THOM03,power_law,2700.0,14.32,8.764839656468858,5.555160343531142
2010THOM03,power_law,2701.0,8.07,8.76459999936621,-0.6945999993662095
2010THOM03,power_law,2702.0,9.08,8.764360460021015,0.3156395399789851
2010THOM03,power_law,2703.0,8.36,8.76412103833186,-0.4041210383318603
2010THOM03,power_law,2704.0,6.49,8.763881734197463,-2.273881734197463
2010THOM03,power_law,2705.0,8.05,8.76364254751666,-0.7136425475166597
2010THOM03,power_law,2706.0,6.86,8.763403478188415,-1.903403478188415
2010THOM03,power_law,2707.0,7.41,8.763164526111817,-1.3531645261118168
2010THOM03,power_law,2708.0,8.02,8.762925691186075,-0.7429256911860751
2010THOM03,power_law,2709.0,7.83,8.762686973310526,-0.9326869733105259
2010THOM03,power_law,2710.0,13.1,8.762448372384627,4.3375516276153725
2010THOM03,power_law,2711.0,9.57,8.762209888307964,0.8077901116920359
2010THOM03,power_law,2712.0,7.71,8.76197152098024,-1.0519715209802394
2010THOM03,power_law,2713.0,8.54,8.761733270301283,-0.22173327030128398
2010THOM03,power_law,2714.0,9.32,8.761495136171046,0.5585048638289543
2010THOM03,power_law,2715.0,10.13,8.761257118489603,1.3687428815103981
2010THOM03,power_law,2716.0,9.55,8.761019217157148,0.7889807828428523
2010THOM03,power_law,2717.0,9.74,8.760781432074003,0.9792185679259973
2010THOM03,power_law,2718.0,9.55,8.760543763140607,0.7894562368593938
2010THOM03,power_law,2719.0,8.16,8.760306210257523,-0.6003062102575232
2010THOM03,power_law,2720.0,10.23,8.760068773325436,1.4699312266745643
2010THOM03,power_law,2721.0,7.96,8.759831452245152,-0.7998314522451517
2010THOM03,power_law,2722.0,7.8,8.759594246917596,-0.9595942469175958
2010THOM03,power_law,2723.0,11.26,8.75935715724382,2.5006428427561804
2010THOM03,power_law,2724.0,9.65,8.759120183124987,0.8908798168750138
2010THOM03,power_law,2725.0,8.2,8.758883324462392,-0.5588833244623927
2010THOM03,power_law,2726.0,11.37,8.758646581157443,2.6113534188425565
2010THOM03,power_law,2727.0,9.72,8.75840995311167,0.9615900468883307
2010THOM03,power_law,2728.0,9.31,8.758173440226726,0.551826559773275
2010THOM03,power_law,2729.0,8.06,8.757937042404379,-0.6979370424043783
2010THOM03,power_law,2730.0,7.92,8.75770075954652,-0.8377007595465198
2010THOM03,power_law,2731.0,8.42,8.757464591555161,-0.33746459155516106
2010THOM03,power_law,2732.0,8.88,8.757228538332429,0.12277146166757191
2010THOM03,power_law,2733.0,9.3,8.756992599780574,0.5430074002194267
2010THOM03,power_law,2734.0,9.53,8.75675677580196,0.7732432241980387
2010THOM03,power_law,2735.0,8.35,8.756521066299078,-0.4065210662990779
2010THOM03,power_law,2736.0,7.66,8.75628547117453,-1.0962854711745305
2010THOM03,power_law,2737.0,9.18,8.75604999033104,0.42395000966896035
2010THOM03,power_law,2738.0,7.26,8.755814623671448,-1.495814623671448
2010THOM03,power_law,2739.0,8.7,8.755579371098715,-0.055579371098716024
2010THOM03,power_law,2740.0,9.54,8.75534423251592,0.7846557674840788
2010THOM03,power_law,2741.0,8.1,8.755109207826255,-0.6551092078262553
2010THOM03,power_law,2742.0,8.26,8.754874296933034,-0.494874296933034
2010THOM03,power_law,2743.0,5.2,8.754639499739685,-3.554639499739685
2010THOM03,power_law,2744.0,8.34,8.754404816149759,-0.41440481614975866
2010THOM03,power_law,2745.0,7.28,8.754170246066915,-1.4741702460669144
2010THOM03,power_law,2746.0,7.78,8.753935789394937,-0.973935789394937
2010THOM03,power_law,2747.0,8.33,8.753701446037722,-0.42370144603772175
2010THOM03,power_law,2748.0,9.47,8.753467215899283,0.7165327841007176
2010THOM03,power_law,2749.0,7.76,8.753233098883749,-0.9932330988837492
2010THOM03,power_law,2750.0,9.1,8.752999094895367,0.34700090510463255
2010THOM03,power_law,2751.0,8.33,8.752765203838498,-0.42276520383849814
2010THOM03,power_law,2752.0,11.11,8.75253142561762,2.357468574382379
2010THOM03,power_law,2753.0,8.42,8.752297760137326,-0.33229776013732604
2010THOM03,power_law,2754.0,9.73,8.752064207302322,0.9779357926976786
2010THOM03,power_law,2755.0,7.34,8.751830767017433,-1.4118307670174328
2010THOM03,power_law,2756.0,9.92,8.751597439187597,1.1684025608124031
2010THOM03,power_law,2757.0,8.18,8.751364223717866,-0.5713642237178664
2010THOM03,power_law,2758.0,7.19,8.751131120513408,-1.5611311205134077
2010THOM03,power_law,2759.0,8.29,8.750898129479506,-0.4608981294795065
2010THOM03,power_law,2760.0,7.17,8.750665250521553,-1.5806652505215535
2010THOM03,power_law,2761.0,8.43,8.750432483545062,-0.32043248354506204
2010THOM03,power_law,2762.0,7.94,8.750199828455655,-0.8101998284556542
2010THOM03,power_law,2763.0,9.01,8.74996728515907,0.26003271484093027
2010THOM03,power_law,2764.0,8.42,8.749734853561158,-0.32973485356115795
2010THOM03,power_law,2765.0,11.24,8.749502533567885,2.4904974664321156
2010THOM03,power_law,2766.0,9.17,8.749270325085327,0.42072967491467317
2010THOM03,power_law,2767.0,8.26,8.749038228019673,-0.4890382280196732
2010THOM03,power_law,2768.0,8.03,8.74880624227723,-0.7188062422772301
2010THOM03,power_law,2769.0,9.52,8.74857436776441,0.771425632235589
2010THOM03,power_law,2770.0,7.17,8.748342604387743,-1.5783426043877427
2010THOM03,power_law,2771.0,9.61,8.748110952053871,0.8618890479461285
2010THOM03,power_law,2772.0,7.97,8.747879410669544,-0.7778794106695441
2010THOM03,power_law,2773.0,9.45,8.747647980141627,0.7023520198583721
2010THOM03,power_law,2774.0,12.23,8.747416660377098,3.4825833396229022
2010THOM03,power_law,2775.0,8.32,8.747185451283045,-0.4271854512830444
2010THOM03,power_law,2776.0,8.96,8.746954352766664,0.2130456472333364
2010THOM03,power_law,2777.0,8.18,8.746723364735269,-0.5667233647352692
2010THOM03,power_law,2778.0,9.51,8.746492487096278,0.7635075129037219
2010THOM03,power_law,2779.0,8.27,8.746261719757227,-0.4762617197572272
2010THOM03,power_law,2780.0,7.87,8.746031062625756,-0.8760310626257555
2010THOM03,power_law,2781.0,8.64,8.74580051560962,-0.10580051560961934
2010THOM03,power_law,2782.0,9.21,8.745570078616684,0.4644299213833172
2010THOM03,power_law,2783.0,7.73,8.74533975155492,-1.0153397515549187
2010THOM03,power_law,2784.0,8.84,8.74510953433241,0.0948904656675893
2010THOM03,power_law,2785.0,10.02,8.744879426857354,1.2751205731426456
2010THOM03,power_law,2786.0,8.12,8.74464942903805,-0.6246494290380511
2010THOM03,power_law,2787.0,11.25,8.744419540782914,2.505580459217086
2010THOM03,power_law,2788.0,9.38,8.744189762000468,0.6358102379995323
2010THOM03,power_law,2789.0,11.51,8.743960092599343,2.766039907400657
2010THOM03,power_law,2790.0,7.62,8.743730532488279,-1.1237305324882785
2010THOM03,power_law,2791.0,8.49,8.743501081576126,-0.2535010815761254
2010THOM03,power_law,2792.0,8.93,8.743271739771842,0.1867282602281577
2010THOM03,power_law,2793.0,8.51,8.743042506984494,-0.23304250698449458
2010THOM03,power_law,2794.0,10.01,8.742813383123256,1.267186616876744
2010THOM03,power_law,2795.0,8.49,8.74258436809741,-0.25258436809740914
2010THOM03,power_law,2796.0,10.82,8.742355461816349,2.0776445381836517
2010THOM03,power_law,2797.0,10.83,8.742126664189568,2.087873335810432
2010THOM03,power_law,2798.0,10.38,8.741897975126678,1.638102024873323
2010THOM03,power_law,2799.0,8.69,8.74166939453739,-0.051669394537389834
2010THOM03,power_law,2800.0,12.5,8.741440922331526,3.7585590776684743
2010THOM03,power_law,2801.0,7.34,8.741212558419015,-1.4012125584190152
2010THOM03,power_law,2802.0,8.02,8.740984302709888,-0.7209843027098888
2010THOM03,power_law,2803.0,6.81,8.740756155114292,-1.9307561551142927
2010THOM03,power_law,2804.0,11.55,8.740528115542475,2.809471884457526
2010THOM03,power_law,2805.0,7.87,8.74030018390479,-0.8703001839047895
2010THOM03,power_law,2806.0,9.86,8.740072360111698,1.1199276398883011
2010THOM03,power_law,2807.0,5.82,8.73984464407377,-2.9198446440737698
2010THOM03,power_law,2808.0,7.71,8.739617035701677,-1.0296170357016772
2010THOM03,power_law,2809.0,9.52,8.739389534906199,0.780610465093801
2010THOM03,power_law,2810.0,11.89,8.739162141598221,3.150837858401779
2010THOM03,power_law,2811.0,9.59,8.738934855688736,0.8510651443112636
2010THOM03,power_law,2812.0,8.05,8.738707677088836,-0.6887076770888356
2010THOM03,power_law,2813.0,12.12,8.738480605709723,3.381519394290276
2010THOM03,power_law,2814.0,7.86,8.738253641462705,-0.8782536414627051
2010THOM03,power_law,2815.0,11.89,8.738026784259192,3.1519732157408082
2010THOM03,power_law,2816.0,8.97,8.7378000340107,0.2321999659893006
2010THOM03,power_law,2817.0,8.9,8.73757339062885,0.16242660937115083
2010THOM03,power_law,2818.0,8.62,8.737346854025365,-0.11734685402536549
2010THOM03,power_law,2819.0,8.5,8.737120424112073,-0.23712042411207257
2010THOM03,power_law,2820.0,7.53,8.736894100800908,-1.2068941008009082
2010THOM03,power_law,2821.0,8.46,8.736667884003909,-0.27666788400390807
2010THOM03,power_law,2822.0,8.92,8.736441773633214,0.18355822636678631
2010THOM03,power_law,2823.0,9.87,8.736215769601065,1.133784230398934
2010THOM03,power_law,2824.0,8.89,8.735989871819815,0.154010128180186
2010THOM03,power_law,2825.0,8.06,8.735764080201909,-0.6757640802019083
2010THOM03,power_law,2826.0,9.92,8.735538394659905,1.1844616053400951
2010THOM03,power_law,2827.0,7.42,8.735312815106457,-1.3153128151064575
2010THOM03,power_law,2828.0,9.03,8.735087341454328,0.2949126585456714
2010THOM03,power_law,2829.0,8.21,8.734861973616376,-0.5248619736163747
2010THOM03,power_law,2830.0,9.18,8.734636711505567,0.4453632884944323
2010THOM03,power_law,2831.0,9.22,8.73441155503497,0.48558844496503006
2010THOM03,power_law,2832.0,8.36,8.734186504117751,-0.3741865041177519
2010THOM03,power_law,2833.0,9.51,8.733961558667184,0.7760384413328154
2010THOM03,power_law,2834.0,9.94,8.73373671859664,1.2062632814033591
2010THOM03,power_law,2835.0,7.66,8.733511983819595,-1.0735119838195946
2010THOM03,power_law,2836.0,9.22,8.733287354249624,0.48671264575037654
2010THOM03,power_law,2837.0,12.79,8.733062829800403,4.056937170199596
2010THOM03,power_law,2838.0,8.02,8.732838410385714,-0.7128384103857144
2010THOM03,power_law,2839.0,8.78,8.732614095919436,0.047385904080563535
2010THOM03,power_law,2840.0,7.75,8.732389886315548,-0.9823898863155485
2010THOM03,power_law,2841.0,8.33,8.732165781488135,-0.40216578148813475
2010THOM03,power_law,2842.0,11.49,8.731941781351374,2.7580582186486264
2010THOM03,power_law,2843.0,8.77,8.73171788581955,0.0382821141804488
2010THOM03,power_law,2844.0,8.44,8.731494094807049,-0.29149409480704946
2010THOM03,power_law,2845.0,10.2,8.73127040822835,1.46872959177165
2010THOM03,power_law,2846.0,11.48,8.731046825998037,2.7489531740019633
2010THOM03,power_law,2847.0,8.93,8.730823348030793,0.19917665196920709
2010THOM03,power_law,2848.0,7.27,8.7305999742414,-1.4605999742414006
2010THOM03,exponential,1.0,25.93,18.890285793788223,7.039714206211777
2010THOM03,exponential,2.0,21.86,18.81928889608811,3.040711103911889
2010THOM03,exponential,3.0,22.77,18.74881236698694,4.02118763301306
2010THOM03,exponential,4.0,28.18,18.678852392466247,9.501147607533753
2010THOM03,exponential,5.0,20.0,18.609405186462237,1.3905948135377635
2010THOM03,exponential,6.0,27.25,18.540466990660914,8.709533009339086
2010THOM03,exponential,7.0,22.63,18.472034074294676,4.157965925705323
2010THOM03,exponential,8.0,23.02,18.404102733940405,4.615897266059594
2010THOM03,exponential,9.0,19.52,18.336669293319076,1.1833307066809233
2010THOM03,exponential,10.0,21.8,18.26973010309677,3.5302698969032313
2010THOM03,exponential,11.0,18.15,18.2032815406872,-0.05328154068720181
2010THOM03,exponential,12.0,22.08,18.13732001005568,3.942679989944317
2010THOM03,exponential,13.0,24.16,18.071841941524482,6.088158058475518
2010THOM03,exponential,14.0,20.43,18.006843791579684,2.423156208420316
2010THOM03,exponential,15.0,18.03,17.94232204267938,0.08767795732062211
2010THOM03,exponential,16.0,18.53,17.878273203063337,0.6517267969366642
2010THOM03,exponential,17.0,19.03,17.81469380656403,1.2153061934359712
2010THOM03,exponential,18.0,16.16,17.751580412419045,-1.5915804124190451
2010THOM03,exponential,19.0,18.94,17.68892960508488,1.2510703949151214
2010THOM03,exponential,20.0,22.91,17.62673799405212,5.283262005947879
2010THOM03,exponential,21.0,17.21,17.565002213661923,-0.35500221366192264
2010THOM03,exponential,22.0,15.65,17.503718922923905,-1.853718922923905
2010THOM03,exponential,23.0,19.27,17.442884805335318,1.8271151946646818
2010THOM03,exponential,24.0,17.18,17.38249656870157,-0.2024965687015694
2010THOM03,exponential,25.0,11.94,17.322550944958067,-5.3825509449580675
2010THOM03,exponential,26.0,14.25,17.263044689993347,-3.0130446899933467
2010THOM03,exponential,27.0,13.13,17.203974583473517,-4.073974583473516
2010THOM03,exponential,28.0,13.43,17.145337428667986,-3.7153374286679863
2010THOM03,exponential,29.0,15.65,17.087130052276446,-1.437130052276446
2010THOM03,exponential,30.0,14.18,17.02934930425716,-2.84934930425716
2010THOM03,exponential,31.0,16.27,16.971992057656475,-0.7019920576564758
2010THOM03,exponential,32.0,14.97,16.91505520843961,-1.9450552084396104
2010THOM03,exponential,33.0,17.56,16.85853567532267,0.7014643246773282
2010THOM03,exponential,34.0,16.03,16.802430399605893,-0.7724303996058914
2010THOM03,exponential,35.0,15.77,16.746736345008117,-0.976736345008117
2010THOM03,exponential,36.0,14.91,16.691450497502466,-1.7814504975024654
2010THOM03,exponential,37.0,16.0,16.63656986515325,-0.6365698651532483
2010THOM03,exponential,38.0,16.3,16.582091477954023,-0.28209147795402245
2010THOM03,exponential,39.0,14.66,16.52801238766688,-1.8680123876668802
2010THOM03,exponential,40.0,15.4,16.474329667662897,-1.0743296676628962
2010THOM03,exponential,41.0,16.11,16.421040412763737,-0.31104041276373806
2010THOM03,exponential,42.0,15.68,16.36814173908444,-0.6881417390844398
2010THOM03,exponential,43.0,17.34,16.315630783877356,1.0243692161226434
2010THOM03,exponential,44.0,13.96,16.26350470537722,-2.303504705377218
2010THOM03,exponential,45.0,11.44,16.211760682647345,-4.771760682647345
2010THOM03,exponential,46.0,14.27,16.16039591542699,-1.8903959154269891
2010THOM03,exponential,47.0,12.34,16.109407623979788,-3.769407623979788
2010THOM03,exponential,48.0,15.55,16.058793048943336,-0.5087930489433354
2010THOM03,exponential,49.0,14.3,16.008549451179842,-1.7085494511798416
2010THOM03,exponential,50.0,12.59,15.95867411162792,-3.3686741116279197
2010THOM03,exponential,51.0,12.41,15.909164331155406,-3.4991643311554057
2010THOM03,exponential,52.0,11.4,15.860017430413313,-4.460017430413313
2010THOM03,exponential,53.0,14.24,15.811230749690825,-1.5712307496908249
2010THOM03,exponential,54.0,17.02,15.762801648771353,1.2571983512286469
2010THOM03,exponential,55.0,15.25,15.71472750678966,-0.4647275067896608
2010THOM03,exponential,56.0,12.5,15.667005722090028,-3.1670057220900283
2010THOM03,exponential,57.0,13.15,15.619633712085452,-2.469633712085452
2010THOM03,exponential,58.0,13.27,15.572608913117886,-2.3026089131178864
2010THOM03,exponential,59.0,15.28,15.525928780319504,-0.24592878031950427
2010THOM03,exponential,60.0,12.71,15.479590787474969,-2.769590787474968
2010THOM03,exponential,61.0,23.86,15.433592426884733,8.426407573115267
2010THOM03,exponential,62.0,14.71,15.387931209229318,-0.6779312092293175
2010THOM03,exponential,63.0,14.86,15.342604663434605,-0.4826046634346053
2010THOM03,exponential,64.0,14.63,15.297610336538096,-0.667610336538095
2010THOM03,exponential,65.0,12.83,15.252945793556176,-2.422945793556176
2010THOM03,exponential,66.0,11.13,15.208608617352336,-4.0786086173523355
2010THOM03,exponential,67.0,16.05,15.164596408506362,0.8854035914936382
2010THOM03,exponential,68.0,16.9,15.120906785184475,1.7790932148155232
2010THOM03,exponential,69.0,13.44,15.077537383010451,-1.6375373830104518
2010THOM03,exponential,70.0,14.91,15.034485854937653,-0.12448585493765307
2010THOM03,exponential,71.0,13.93,14.99174987112201,-1.0617498711220108
2010THOM03,exponential,72.0,12.78,14.949327118795953,-2.1693271187959535
2010THOM03,exponential,73.0,13.41,14.907215302143232,-1.497215302143232
2010THOM03,exponential,74.0,12.69,14.865412142174677,-2.175412142174677
2010THOM03,exponential,75.0,14.0,14.823915376604873,-0.823915376604873
2010THOM03,exponential,76.0,11.8,14.782722759729726,-2.9827227597297252
2010THOM03,exponential,77.0,10.25,14.741832062304923,-4.491832062304923
2010THOM03,exponential,78.0,10.96,14.701241071425306,-3.7412410714253053
2010THOM03,exponential,79.0,13.34,14.660947590405105,-1.3209475904051047
2010THOM03,exponential,80.0,11.55,14.620949438659053,-3.070949438659053
2010THOM03,exponential,81.0,12.56,14.581244451584396,-2.021244451584396
2010THOM03,exponential,82.0,14.93,14.541830480443734,0.388169519556266
2010THOM03,exponential,83.0,12.28,14.502705392248743,-2.222705392248743
2010THOM03,exponential,84.0,12.65,14.46386706964474,-1.8138670696447399
2010THOM03,exponential,85.0,11.55,14.425313410796102,-2.8753134107961014
2010THOM03,exponential,86.0,8.86,14.387042329272516,-5.527042329272517
2010THOM03,exponential,87.0,15.21,14.349051753936063,0.8609482460639377
2010THOM03,exponential,88.0,13.47,14.311339628829145,-0.8413396288291448
2010THOM03,exponential,89.0,10.58,14.273903913063206,-3.693903913063206
2010THOM03,exponential,90.0,17.08,14.236742580708295,2.843257419291703
2010THOM03,exponential,91.0,13.21,14.199853620683426,-0.9898536206834248
2010THOM03,exponential,92.0,14.5,14.163235036647738,0.33676496335226247
2010THOM03,exponential,93.0,14.19,14.126884846892459,0.06311515310754068
2010THOM03,exponential,94.0,13.84,14.090801084233675,-0.2508010842336752
2010THOM03,exponential,95.0,14.97,14.054981795905844,0.9150182040941566
2010THOM03,exponential,96.0,12.65,14.019425043456144,-1.3694250434561432
2010THOM03,exponential,97.0,16.15,13.984128902639549,2.1658710973604496
2010THOM03,exponential,98.0,17.28,13.949091463314705,3.330908536685296
2010THOM03,exponential,99.0,11.93,13.91431082934055,-1.9843108293405507
2010THOM03,exponential,100.0,11.19,13.87978511847371,-2.6897851184737114
2010THOM03,exponential,101.0,14.22,13.845512462266626,0.3744875377333745
2010THOM03,exponential,102.0,9.88,13.81149100596644,-3.931491005966439
2010THOM03,exponential,103.0,15.38,13.777718908414625,1.6022810915853753
2010THOM03,exponential,104.0,15.96,13.744194341947345,2.2158056580526555
2010THOM03,exponential,105.0,9.81,13.710915492296541,-3.9009154922965408
2010THOM03,exponential,106.0,13.69,13.677880558491754,0.012119441508245288
2010THOM03,exponential,107.0,10.88,13.645087752762656,-2.765087752762655
2010THOM03,exponential,108.0,14.34,13.612535300442303,0.7274646995576965
2010THOM03,exponential,109.0,11.52,13.580221439871092,-2.0602214398710927
2010THOM03,exponential,110.0,13.44,13.548144422301426,-0.10814442230142696
2010THOM03,exponential,111.0,10.3,13.51630251180308,-3.216302511803079
2010THOM03,exponential,112.0,10.83,13.48469398516924,-2.6546939851692404
2010THOM03,exponential,113.0,12.75,13.453317131823278,-0.7033171318232778
2010THOM03,exponential,114.0,12.17,13.422170253726144,-1.2521702537261437
2010THOM03,exponential,115.0,12.66,13.391251665284498,-0.731251665284498
2010THOM03,exponential,116.0,16.85,13.360559693259482,3.4894403067405193
2010THOM03,exponential,117.0,13.29,13.330092676676163,-0.04009267667616356
2010THOM03,exponential,118.0,11.14,13.299848966733652,-2.1598489667336516
2010THOM03,exponential,119.0,13.28,13.269826926715876,0.010173073284123646
2010THOM03,exponential,120.0,12.36,13.240024931902996,-0.8800249319029962
2010THOM03,exponential,121.0,11.39,13.210441369483483,-1.8204413694834827
2010THOM03,exponential,122.0,9.83,13.181074638466843,-3.3510746384668426
2010THOM03,exponential,123.0,16.4,13.151923149596964,3.2480768504030344
2010THOM03,exponential,124.0,9.36,13.122985325266125,-3.7629853252661256
2010THOM03,exponential,125.0,11.25,13.094259599429602,-1.844259599429602
2010THOM03,exponential,126.0,10.74,13.06574441752093,-2.32574441752093
2010THOM03,exponential,127.0,12.6,13.03743823636777,-0.43743823636777
2010THOM03,exponential,128.0,9.7,13.009339524108395,-3.3093395241083954
2010THOM03,exponential,129.0,12.5,12.98144676010879,-0.4814467601087902
2010THOM03,exponential,130.0,13.75,12.953758434880358,0.796241565119642
2010THOM03,exponential,131.0,13.41,12.926273049998235,0.48372695000176513
2010THOM03,exponential,132.0,13.19,12.898989118020193,0.2910108819798065
2010THOM03,exponential,133.0,13.0,12.871905162406145,0.12809483759385465
2010THOM03,exponential,134.0,10.66,12.84501971743824,-2.185019717438239
2010THOM03,exponential,135.0,11.54,12.81833132814154,-1.2783313281415403
2010THOM03,exponential,136.0,15.79,12.79183855020528,2.9981614497947184
2010THOM03,exponential,137.0,11.31,12.765539949904714,-1.455539949904713
2010THOM03,exponential,138.0,11.55,12.739434104023502,-1.1894341040235012
2010THOM03,exponential,139.0,15.13,12.713519599776722,2.4164804002232785
2010THOM03,exponential,140.0,10.2,12.687795034734382,-2.4877950347343827
2010THOM03,exponential,141.0,12.21,12.66225901674555,-0.4522590167455487
2010THOM03,exponential,142.0,12.17,12.636910163862995,-0.46691016386299466
2010THOM03,exponential,143.0,13.56,12.611747104268405,0.9482528957315957
2010THOM03,exponential,144.0,16.24,12.586768476198156,3.6532315238018427
2010THOM03,exponential,145.0,12.56,12.561972927869604,-0.00197292786960368
2010THOM03,exponential,146.0,13.84,12.537359117407942,1.3026408825920583
2010THOM03,exponential,147.0,11.73,12.512925712773566,-0.7829257127735652
2010THOM03,exponential,148.0,10.43,12.488671391690005,-2.0586713916900052
2010THOM03,exponential,149.0,13.09,12.46459484157235,0.6254051584276503
2010THOM03,exponential,150.0,20.27,12.440694759456225,7.829305240543775
2010THOM03,exponential,151.0,50.07,12.416969851927274,37.65303014807273
2010THOM03,exponential,152.0,10.8,12.393418835051165,-1.593418835051164
2010THOM03,exponential,153.0,11.92,12.370040434304101,-0.45004043430410157
2010THOM03,exponential,154.0,19.26,12.34683338450386,6.9131666154961415
2010THOM03,exponential,155.0,11.74,12.323796429741307,-0.583796429741307
2010THOM03,exponential,156.0,9.83,12.30092832331244,-2.4709283233124406
2010THOM03,exponential,157.0,11.92,12.27822782765092,-0.35822782765091965
2010THOM03,exponential,158.0,8.12,12.255693714261096,-4.135693714261096
2010THOM03,exponential,159.0,15.59,12.233324763651515,3.356675236348485
2010THOM03,exponential,160.0,11.41,12.211119765268943,-0.8011197652689432
2010THOM03,exponential,161.0,12.11,12.18907751743283,-0.07907751743283065
2010THOM03,exponential,162.0,9.91,12.167196827270299,-2.257196827270299
2010THOM03,exponential,163.0,11.24,12.14547651065158,-0.9054765106515799
2010THOM03,exponential,164.0,11.22,12.123915392125923,-0.9039153921259224
2010THOM03,exponential,165.0,13.17,12.102512304858003,1.0674876951419972
2010THOM03,exponential,166.0,12.12,12.08126609056475,0.03873390943524946
2010THOM03,exponential,167.0,11.8,12.06017559945269,-0.26017559945268864
2010THOM03,exponential,168.0,8.93,12.0392396901557,-3.1092396901557002
2010THOM03,exponential,169.0,11.23,12.018457229673254,-0.7884572296732539
2010THOM03,exponential,170.0,11.66,11.997827093309102,-0.33782709330910166
2010THOM03,exponential,171.0,12.33,11.977348164610405,0.35265183538959555
2010THOM03,exponential,172.0,14.15,11.957019335307313,2.192980664692687
2010THOM03,exponential,173.0,11.58,11.936839505252994,-0.356839505252994
2010THOM03,exponential,174.0,12.91,11.91680758236409,0.9931924176359104
2010THOM03,exponential,175.0,11.5,11.896922482561624,-0.39692248256162443
2010THOM03,exponential,176.0,11.86,11.877183129712325,-0.017183129712325496
2010THOM03,exponential,177.0,13.31,11.857588455570388,1.4524115444296122
2010THOM03,exponential,178.0,11.93,11.838137399719676,0.091862600280324
2010THOM03,exponential,179.0,13.24,11.81882890951632,1.4211710904836803
2010THOM03,exponential,180.0,13.42,11.799661940031758,1.6203380599682422
2010THOM03,exponential,181.0,10.17,11.780635453996188,-1.6106354539961885
2010THOM03,exponential,182.0,13.97,11.761748421742428,2.2082515782575722
2010THOM03,exponential,183.0,8.66,11.742999821150198,-3.0829998211501977
2010THOM03,exponential,184.0,10.3,11.724388637590799,-1.4243886375907984
2010THOM03,exponential,185.0,8.66,11.705913863872212,-3.0459138638722116
2010THOM03,exponential,186.0,9.33,11.687574500184583,-2.357574500184583
2010THOM03,exponential,187.0,14.56,11.669369554046128,2.8906304459538728
2010THOM03,exponential,188.0,11.0,11.6512980402494,-0.6512980402494009
2010THOM03,exponential,189.0,13.0,11.633358980808005,1.366641019191995
2010THOM03,exponential,190.0,16.85,11.615551404903638,5.234448595096364
2010THOM03,exponential,191.0,8.75,11.597874348833573,-2.8478743488335727
2010THOM03,exponential,192.0,8.98,11.5803268559585,-2.6003268559584996
2010THOM03,exponential,193.0,9.13,11.562907976650754,-2.4329079766507533
2010THOM03,exponential,194.0,11.36,11.545616768242922,-0.18561676824292306
2010THOM03,exponential,195.0,10.6,11.528452294976828,-0.9284522949768288
2010THOM03,exponential,196.0,12.4,11.511413627952901,0.888586372047099
2010THOM03,exponential,197.0,11.18,11.49449984507989,-0.31449984507989015
2010THOM03,exponential,198.0,8.72,11.477710031024976,-2.757710031024976
2010THOM03,exponential,199.0,10.0,11.461043277164228,-1.4610432771642277
2010THOM03,exponential,200.0,11.35,11.444498681533435,-0.09449868153343566
2010THOM03,exponential,201.0,9.85,11.428075348779293,-1.5780753487792936
2010THOM03,exponential,202.0,10.35,11.411772390110949,-1.0617723901109493
2010THOM03,exponential,203.0,14.21,11.395588923251905,2.8144110767480957
2010THOM03,exponential,204.0,14.0,11.379524072392266,2.6204759276077336
2010THOM03,exponential,205.0,9.47,11.36357696814135,-1.8935769681413497
2010THOM03,exponential,206.0,11.12,11.347746747480633,-0.22774674748063362
2010THOM03,exponential,207.0,11.05,11.332032553717045,-0.2820325537170447
2010THOM03,exponential,208.0,8.99,11.316433536436618,-2.3264335364366175
2010THOM03,exponential,209.0,11.59,11.300948851458445,0.2890511485415548
2010THOM03,exponential,210.0,9.9,11.285577660789011,-1.3855776607890107
2010THOM03,exponential,211.0,10.62,11.270319132576837,-0.650319132576838
2010THOM03,exponential,212.0,10.97,11.25517244106746,-0.2851724410674592
2010THOM03,exponential,213.0,12.29,11.240136766558749,1.0498632334412505
2010THOM03,exponential,214.0,10.45,11.225211295356544,-0.7752112953565451
2010THOM03,exponential,215.0,13.57,11.21039521973062,2.3596047802693807
2010THOM03,exponential,216.0,11.09,11.195687737870971,-0.10568773787097108
2010THOM03,exponential,217.0,14.12,11.181088053844427,2.9389119461555726
2010THOM03,exponential,218.0,12.8,11.166595377551573,1.6334046224484275
2010THOM03,exponential,219.0,9.69,11.15220892468399,-1.4622089246839902
2010THOM03,exponential,220.0,9.49,11.137927916681816,-1.647927916681816
2010THOM03,exponential,221.0,13.95,11.123751580691605,2.826248419308394
2010THOM03,exponential,222.0,10.08,11.109679149524512,-1.0296791495245117
2010THOM03,exponential,223.0,10.85,11.095709861614761,-0.2457098616147615
2010THOM03,exponential,224.0,9.96,11.081842960978445,-1.1218429609784444
2010THOM03,exponential,225.0,11.69,11.068077697172603,0.6219223028273966
2010THOM03,exponential,226.0,10.95,11.054413325254615,-0.10441332525461533
2010THOM03,exponential,227.0,11.85,11.04084910574188,0.8091508942581189
2010THOM03,exponential,228.0,11.78,11.02738430457181,0.7526156954281902
2010THOM03,exponential,229.0,13.39,11.014018193062087,2.3759818069379133
2010THOM03,exponential,230.0,10.01,11.000750047871245,-0.990750047871245
2010THOM03,exponential,231.0,11.69,10.987579150959512,0.7024208490404877
2010THOM03,exponential,232.0,11.51,10.974504789549961,0.5354952104500388
2010THOM03,exponential,233.0,11.4,10.961526256089925,0.438473743910075
2010THOM03,exponential,234.0,11.45,10.948642848212721,0.5013571517872784
2010THOM03,exponential,235.0,16.37,10.935853868699626,5.434146131300375
2010THOM03,exponential,236.0,13.4,10.92315862544215,2.47684137455785
2010THOM03,exponential,237.0,9.85,10.910556431404586,-1.0605564314045868
2010THOM03,exponential,238.0,10.3,10.89804660458682,-0.5980466045868198
2010THOM03,exponential,239.0,10.88,10.88562846798743,-0.005628467987429886
2010THOM03,exponential,240.0,8.69,10.873301349567047,-2.1833013495670475
2010THOM03,exponential,241.0,12.13,10.861064582211977,1.2689354177880237
2010THOM03,exponential,242.0,11.18,10.848917503698116,0.33108249630188347
2010THOM03,exponential,243.0,10.02,10.836859456655098,-0.8168594566550986
2010THOM03,exponential,244.0,14.11,10.824889788530722,3.285110211469277
2010THOM03,exponential,245.0,10.87,10.813007851555641,0.05699214844435829
2010THOM03,exponential,246.0,11.02,10.801213002708305,0.21878699729169426
2010THOM03,exponential,247.0,11.27,10.789504603680163,0.48049539631983684
2010THOM03,exponential,248.0,12.46,10.777882020841112,1.682117979158889
2010THOM03,exponential,249.0,10.01,10.766344625205221,-0.7563446252052213
2010THOM03,exponential,250.0,9.48,10.754891792396677,-1.2748917923966765
2010THOM03,exponential,251.0,14.31,10.743522902616006,3.566477097383995
2010THOM03,exponential,252.0,13.09,10.732237340606522,2.3577626593934777
2010THOM03,exponential,253.0,11.25,10.72103449562104,0.5289655043789594
2010THOM03,exponential,254.0,13.13,10.709913761388819,2.420086238611182
2010THOM03,exponential,255.0,10.03,10.698874536082748,-0.6688745360827486
2010THOM03,exponential,256.0,13.25,10.687916222286784,2.562083777713216
2010THOM03,exponential,257.0,13.13,10.67703822696362,2.45296177303638
2010THOM03,exponential,258.0,12.08,10.666239961422587,1.4137600385774132
2010THOM03,exponential,259.0,10.54,10.655520841287798,-0.1155208412877986
2010THOM03,exponential,260.0,12.62,10.644880286466522,1.975119713533477
2010THOM03,exponential,261.0,10.72,10.634317721117798,0.08568227888220292
2010THOM03,exponential,262.0,12.27,10.623832573621257,1.6461674263787422
2010THOM03,exponential,263.0,10.59,10.613424276546201,-0.023424276546201384
2010THOM03,exponential,264.0,10.95,10.603092266620893,0.34690773337910663
2010THOM03,exponential,265.0,9.82,10.592835984702063,-0.7728359847020627
2010THOM03,exponential,266.0,11.04,10.58265487574466,0.4573451242553386
2010THOM03,exponential,267.0,10.68,10.572548388771818,0.10745161122818203
2010THOM03,exponential,268.0,9.68,10.56251597684502,-0.8825159768450206
2010THOM03,exponential,269.0,11.72,10.55255709703452,1.1674429029654814
2010THOM03,exponential,270.0,11.15,10.542671210389942,0.6073287896100581
2010THOM03,exponential,271.0,10.22,10.532857781911133,-0.31285778191113245
2010THOM03,exponential,272.0,9.23,10.523116280519192,-1.2931162805191914
2010THOM03,exponential,273.0,13.22,10.513446179027742,2.7065538209722586
2010THOM03,exponential,274.0,11.36,10.50384695411439,0.856153045885609
2010THOM03,exponential,275.0,12.23,10.494318086292418,1.735681913707582
2010THOM03,exponential,276.0,9.58,10.484859059882657,-0.9048590598826571
2010THOM03,exponential,277.0,9.56,10.475469362985587,-0.9154693629855863
2010THOM03,exponential,278.0,9.04,10.466148487453635,-1.426148487453636
2010THOM03,exponential,279.0,11.64,10.45689592886367,1.1831040711363308
2010THOM03,exponential,280.0,10.39,10.447711186489707,-0.057711186489706634
2010THOM03,exponential,281.0,11.59,10.438593763275817,1.151406236724183
2010THOM03,exponential,282.0,10.66,10.42954316580921,0.23045683419078955
2010THOM03,exponential,283.0,8.62,10.420558904293552,-1.8005589042935526
2010THOM03,exponential,284.0,9.97,10.411640492522443,-0.441640492522442
2010THOM03,exponential,285.0,12.86,10.402787447853115,2.457212552146885
2010THOM03,exponential,286.0,12.75,10.393999291180307,2.3560007088196926
2010THOM03,exponential,287.0,10.69,10.385275546910341,0.30472445308965845
2010THOM03,exponential,288.0,11.02,10.376615742935378,0.6433842570646213
2010THOM03,exponential,289.0,9.26,10.368019410607873,-1.1080194106078736
2010THOM03,exponential,290.0,8.37,10.359486084715215,-1.9894860847152156
2010THOM03,exponential,291.0,10.01,10.351015303454547,-0.34101530345454734
2010THOM03,exponential,292.0,8.26,10.342606608407776,-2.082606608407776
2010THOM03,exponential,293.0,8.95,10.33425954451676,-1.3842595445167607
2010THOM03,exponential,294.0,10.0,10.32597366005869,-0.3259736600586898
2010THOM03,exponential,295.0,10.52,10.317748506621639,0.2022514933783608
2010THOM03,exponential,296.0,10.08,10.30958363908029,-0.22958363908029078
2010THOM03,exponential,297.0,10.87,10.301478615571861,0.5685213844281378
2010THOM03,exponential,298.0,9.04,10.293432997472175,-1.253432997472176
2010THOM03,exponential,299.0,13.02,10.285446349371936,2.7345536506280634
2010THOM03,exponential,300.0,11.19,10.277518239053162,0.9124817609468376
2010THOM03,exponential,301.0,11.74,10.269648237465788,1.4703517625342126
2010THOM03,exponential,302.0,9.66,10.261835918704458,-0.6018359187044577
2010THOM03,exponential,303.0,10.0,10.254080859985468,-0.2540808599854678
2010THOM03,exponential,304.0,10.58,10.246382641623887,0.33361735837611306
2010THOM03,exponential,305.0,9.76,10.238740847010849,-0.4787408470108492
2010THOM03,exponential,306.0,8.98,10.231155062591004,-1.2511550625910033
2010THOM03,exponential,307.0,10.32,10.223624877840134,0.09637512215986632
2010THOM03,exponential,308.0,11.18,10.21614988524294,0.9638501147570597
2010THOM03,exponential,309.0,10.26,10.208729680270995,0.051270319729004754
2010THOM03,exponential,310.0,8.6,10.201363861360838,-1.6013638613608379
2010THOM03,exponential,311.0,11.55,10.194052029892251,1.3559479701077493
2010THOM03,exponential,312.0,10.25,10.186793790166687,0.0632062098333126
2010THOM03,exponential,313.0,8.13,10.179588749385855,-2.0495887493858547
2010THOM03,exponential,314.0,8.96,10.172436517630457,-1.2124365176304561
2010THOM03,exponential,315.0,9.32,10.165336707839092,-0.8453367078390919
2010THOM03,exponential,316.0,9.33,10.158288935787315,-0.8282889357873149
2010THOM03,exponential,317.0,9.08,10.151292820066827,-1.0712928200668266
2010THOM03,exponential,318.0,10.0,10.14434798206485,-0.14434798206485056
2010THOM03,exponential,319.0,10.24,10.137454045943633,0.10254595405636735
2010THOM03,exponential,320.0,9.95,10.130610638620107,-0.18061063862010762
2010THOM03,exponential,321.0,8.49,10.1238173897457,-1.6338173897456993
2010THOM03,exponential,322.0,10.78,10.117073931686294,0.6629260683137055
2010THOM03,exponential,323.0,11.02,10.110379899502327,0.9096201004976727
2010THOM03,exponential,324.0,9.85,10.103734930929049,-0.2537349309290491
2010THOM03,exponential,325.0,12.95,10.09713866635691,2.852861333643089
2010THOM03,exponential,326.0,10.03,10.090590748812104,-0.06059074881210513
2010THOM03,exponential,327.0,11.74,10.084090823937247,1.6559091760627531
2010THOM03,exponential,328.0,9.61,10.077638539972202,-0.46763853997220295
2010THOM03,exponential,329.0,10.2,10.071233547735046,0.1287664522649532
2010THOM03,exponential,330.0,9.23,10.064875500603163,-0.8348755006031627
2010THOM03,exponential,331.0,9.31,10.058564054494497,-0.748564054494496
2010THOM03,exponential,332.0,14.27,10.052298867848922,4.217701132151078
2010THOM03,exponential,333.0,12.99,10.046079601609767,2.943920398390233
2010THOM03,exponential,334.0,12.23,10.039905919205456,2.1900940807945446
2010THOM03,exponential,335.0,9.63,10.033777486531305,-0.40377748653130396
2010THOM03,exponential,336.0,8.53,10.02769397193143,-1.4976939719314313
2010THOM03,exponential,337.0,9.92,10.021655046180808,-0.10165504618080767
2010THOM03,exponential,338.0,8.89,10.015660382467455,-1.125660382467455
2010THOM03,exponential,339.0,9.33,10.00970965637474,-0.6797096563747402
2010THOM03,exponential,340.0,10.38,10.003802545863829,0.37619745413617167
2010THOM03,exponential,341.0,10.21,9.997938731256259,0.2120612687437422
2010THOM03,exponential,342.0,8.7,9.992117895216635,-1.2921178952166361
2010THOM03,exponential,343.0,7.81,9.98633972273546,-2.1763397227354604
2010THOM03,exponential,344.0,9.28,9.98060390111208,-0.7006039011120802
2010THOM03,exponential,345.0,10.68,9.974910119937771,0.7050898800622285
2010THOM03,exponential,346.0,6.21,9.969258071078933,-3.759258071078933
2010THOM03,exponential,347.0,10.63,9.963647448660419,0.6663525513395818
2010THOM03,exponential,348.0,11.2,9.958077949048981,1.2419220509510183
2010THOM03,exponential,349.0,11.59,9.952549270836837,1.637450729163163
2010THOM03,exponential,350.0,13.67,9.947061114825358,3.722938885174642
2010THOM03,exponential,351.0,9.86,9.94161318400888,-0.08161318400888007
2010THOM03,exponential,352.0,9.94,9.936205183558629,0.0037948164413705854
2010THOM03,exponential,353.0,12.81,9.930836820806762,2.879163179193238
2010THOM03,exponential,354.0,9.73,9.925507805230538,-0.19550780523053746
2010THOM03,exponential,355.0,9.69,9.920217848436582,-0.23021784843658288
2010THOM03,exponential,356.0,12.45,9.914966664145293,2.535033335854706
2010THOM03,exponential,357.0,9.65,9.909753968175337,-0.25975396817533714
2010THOM03,exponential,358.0,10.55,9.90457947842828,0.6454205215717206
2010THOM03,exponential,359.0,11.04,9.899442914873312,1.1405570851266873
2010THOM03,exponential,360.0,8.69,9.894343999532097,-1.2043439995320977
2010THOM03,exponential,361.0,11.45,9.88928245646373,1.5607175435362688
2010THOM03,exponential,362.0,9.88,9.884258011749804,-0.0042580117498030035
2010THOM03,exponential,363.0,8.59,9.87927039347958,-1.2892703934795797
2010THOM03,exponential,364.0,9.39,9.874319331735279,-0.4843193317352785
2010THOM03,exponential,365.0,10.22,9.869404558577475,0.3505954414225254
2010THOM03,exponential,366.0,12.98,9.864525808030589,3.1154741919694118
2010THOM03,exponential,367.0,11.28,9.859682816068498,1.4203171839315019
2010THOM03,exponential,368.0,9.28,9.854875320600248,-0.574875320600249
2010THOM03,exponential,369.0,10.15,9.85010306145587,0.2998969385441299
2010THOM03,exponential,370.0,8.98,9.845365780372298,-0.8653657803722972
2010THOM03,exponential,371.0,8.68,9.840663220979392,-1.1606632209793926
2010THOM03,exponential,372.0,9.94,9.835995128786069,0.10400487121393098
2010THOM03,exponential,373.0,11.04,9.831361251166522,1.2086387488334775
2010THOM03,exponential,374.0,9.89,9.826761337346559,0.06323866265344158
2010THOM03,exponential,375.0,9.6,9.822195138390024,-0.22219513839002403
2010THOM03,exponential,376.0,11.96,9.817662407185326,2.142337592814675
2010THOM03,exponential,377.0,9.53,9.81316289843207,-0.2831628984320709
2010THOM03,exponential,378.0,15.05,9.808696368627778,5.241303631372222
2010THOM03,exponential,379.0,9.94,9.804262576054713,0.13573742394528665
2010THOM03,exponential,380.0,11.16,9.799861280766796,1.3601387192332037
2010THOM03,exponential,381.0,8.28,9.795492244576625,-1.5154922445766257
2010THOM03,exponential,382.0,10.07,9.791155231042579,0.2788447689574216
2010THOM03,exponential,383.0,9.01,9.786850005456024,-0.7768500054560246
2010THOM03,exponential,384.0,10.43,9.782576334828619,0.647423665171381
2010THOM03,exponential,385.0,11.41,9.778333987879694,1.6316660121203057
2010THOM03,exponential,386.0,10.28,9.774122735023747,0.5058772649762524
2010THOM03,exponential,387.0,9.56,9.769942348358002,-0.20994234835800185
2010THOM03,exponential,388.0,9.75,9.7657926016501,-0.01579260165009977
2010THOM03,exponential,389.0,7.89,9.76167327032583,-1.8716732703258296
2010THOM03,exponential,390.0,8.51,9.757584131456992,-1.2475841314569927
2010THOM03,exponential,391.0,10.91,9.753524963749333,1.1564750362506668
2010THOM03,exponential,392.0,10.77,9.749495547530561,1.0205044524694387
2010THOM03,exponential,393.0,10.65,9.745495664738463,0.904504335261537
2010THOM03,exponential,394.0,9.87,9.741525098909102,0.12847490109089676
2010THOM03,exponential,395.0,10.89,9.737583635165109,1.1524163648348917
2010THOM03,exponential,396.0,11.0,9.733671060204044,1.2663289397959563
2010THOM03,exponential,397.0,9.4,9.72978716228686,-0.3297871622868591
2010THOM03,exponential,398.0,9.12,9.72593173122644,-0.6059317312264412
2010THOM03,exponential,399.0,10.53,9.722104558376227,0.8078954416237725
2010THOM03,exponential,400.0,11.32,9.718305436618927,1.6016945633810735
2010THOM03,exponential,401.0,14.01,9.714534160355305,4.295465839644695
2010THOM03,exponential,402.0,8.74,9.710790525493055,-0.9707905254930544
2010THOM03,exponential,403.0,10.2,9.707074329435757,0.49292567056424197
2010THOM03,exponential,404.0,11.24,9.703385371071914,1.5366146289280866
2010THOM03,exponential,405.0,8.21,9.699723450764061,-1.4897234507640604
2010THOM03,exponential,406.0,8.32,9.696088370337977,-1.3760883703379765
2010THOM03,exponential,407.0,8.81,9.69247993307194,-0.8824799330719397
2010THOM03,exponential,408.0,10.29,9.688897943686097,0.601102056313902
2010THOM03,exponential,409.0,8.81,9.685342208331887,-0.8753422083318867
2010THOM03,exponential,410.0,10.79,9.681812534581557,1.1081874654184425
2010THOM03,exponential,411.0,10.32,9.67830873141774,0.6416912685822602
2010THOM03,exponential,412.0,8.17,9.674830609223125,-1.5048306092231254
2010THOM03,exponential,413.0,9.83,9.671377979770194,0.15862202022980654
2010THOM03,exponential,414.0,10.13,9.66795065621103,0.462049343788971
2010THOM03,exponential,415.0,9.65,9.664548453067214,-0.01454845306721353
2010THOM03,exponential,416.0,8.86,9.661171186219779,-0.8011711862197792
2010THOM03,exponential,417.0,8.1,9.657818672899253,-1.5578186728992538
2010THOM03,exponential,418.0,9.88,9.654490731675764,0.22550926832423634
2010THOM03,exponential,419.0,10.26,9.651187182449219,0.6088128175507812
2010THOM03,exponential,420.0,11.49,9.647907846439564,1.8420921535604364
2010THOM03,exponential,421.0,12.3,9.644652546177106,2.6553474538228947
2010THOM03,exponential,422.0,9.85,9.641421105492904,0.2085788945070952
2010THOM03,exponential,423.0,8.81,9.638213349509243,-0.8282133495092427
2010THOM03,exponential,424.0,8.94,9.635029104630167,-0.6950291046301675
2010THOM03,exponential,425.0,11.81,9.63186819853208,2.17813180146792
2010THOM03,exponential,426.0,10.61,9.62873046015443,0.9812695398455702
2010THOM03,exponential,427.0,8.96,9.625615719690437,-0.665615719690436
2010THOM03,exponential,428.0,9.5,9.62252380857792,-0.12252380857792033
2010THOM03,exponential,429.0,9.99,9.619454559490165,0.37054544050983473
2010THOM03,exponential,430.0,13.48,9.616407806326873,3.863592193673128
2010THOM03,exponential,431.0,13.11,9.613383384205163,3.496616615794837
2010THOM03,exponential,432.0,9.61,9.610381129450662,-0.0003811294506625984
2010THOM03,exponential,433.0,10.14,9.60740087958864,0.5325991204113603
2010THOM03,exponential,434.0,11.79,9.60444247333522,2.1855575266647786
2010THOM03,exponential,435.0,9.55,9.601505750588643,-0.051505750588642485
2010THOM03,exponential,436.0,10.68,9.598590552420614,1.0814094475793858
2010THOM03,exponential,437.0,9.84,9.595696721067691,0.24430327893230874
2010THOM03,exponential,438.0,11.21,9.592824099922755,1.617175900077246
2010THOM03,exponential,439.0,9.44,9.589972533526533,-0.14997253352653317
2010THOM03,exponential,440.0,10.96,9.587141867559179,1.3728581324408218
2010THOM03,exponential,441.0,11.17,9.584331948831935,1.5856680511680654
2010THOM03,exponential,442.0,10.19,9.581542625278825,0.6084573747211746
2010THOM03,exponential,443.0,9.84,9.57877374594844,0.2612262540515591
2010THOM03,exponential,444.0,9.73,9.57602516099576,0.15397483900424014
2010THOM03,exponential,445.0,8.95,9.573296721674048,-0.6232967216740484
2010THOM03,exponential,446.0,8.02,9.570588280326797,-1.5505882803267976
2010THOM03,exponential,447.0,10.78,9.567899690379747,1.2121003096202525
2010THOM03,exponential,448.0,7.56,9.565230806332941,-2.005230806332942
2010THOM03,exponential,449.0,8.44,9.562581483752867,-1.1225814837528674
2010THOM03,exponential,450.0,8.83,9.559951579264618,-0.7299515792646183
2010THOM03,exponential,451.0,8.0,9.557340950544162,-1.5573409505441624
2010THOM03,exponential,452.0,9.9,9.554749456310613,0.3452505436893869
2010THOM03,exponential,453.0,8.67,9.552176956318606,-0.8821769563186059
2010THOM03,exponential,454.0,14.94,9.54962331135069,5.39037668864931
2010THOM03,exponential,455.0,7.81,9.547088383209806,-1.737088383209806
2010THOM03,exponential,456.0,9.81,9.544572034711805,0.265427965288195
2010THOM03,exponential,457.0,8.62,9.542074129678024,-0.922074129678025
2010THOM03,exponential,458.0,11.35,9.539594532927913,1.810405467072087
2010THOM03,exponential,459.0,8.33,9.53713311027172,-1.2071331102717195
2010THOM03,exponential,460.0,9.08,9.534689728503233,-0.45468972850323297
2010THOM03,exponential,461.0,8.72,9.532264255392572,-0.8122642553925719
2010THOM03,exponential,462.0,10.8,9.529856559679027,1.2701434403209735
2010THOM03,exponential,463.0,9.73,9.527466511063956,0.2025334889360444
2010THOM03,exponential,464.0,9.17,9.525093980203739,-0.3550939802037387
2010THOM03,exponential,465.0,7.53,9.52273883870277,-1.9927388387027696
2010THOM03,exponential,466.0,10.18,9.520400959106516,0.6595990408934842
2010THOM03,exponential,467.0,10.46,9.518080214894615,0.9419197851053855
2010THOM03,exponential,468.0,8.24,9.515776480474033,-1.2757764804740326
2010THOM03,exponential,469.0,8.53,9.513489631172257,-0.9834896311722581
2010THOM03,exponential,470.0,10.67,9.511219543230567,1.158780456769433
2010THOM03,exponential,471.0,9.6,9.508966093797317,0.09103390620268215
2010THOM03,exponential,472.0,10.98,9.506729160921303,1.4732708390786975
2010THOM03,exponential,473.0,9.68,9.504508623545153,0.17549137645484691
2010THOM03,exponential,474.0,11.31,9.502304361498782,1.8076956385012188
2010THOM03,exponential,475.0,7.94,9.500116255492884,-1.5601162554928836
2010THOM03,exponential,476.0,9.54,9.49794418711248,0.042055812887518584
2010THOM03,exponential,477.0,9.66,9.495788038810511,0.16421196118948878
2010THOM03,exponential,478.0,13.32,9.493647693901469,3.8263523060985314
2010THOM03,exponential,479.0,9.89,9.49152303655509,0.3984769634449101
2010THOM03,exponential,480.0,8.45,9.489413951790084,-1.0394139517900847
2010THOM03,exponential,481.0,9.56,9.487320325467905,0.072679674532095
2010THOM03,exponential,482.0,8.76,9.485242044286592,-0.7252420442865919
2010THOM03,exponential,483.0,11.0,9.483178995774612,1.5168210042253882
2010THOM03,exponential,484.0,11.88,9.481131068284796,2.3988689317152048
2010THOM03,exponential,485.0,12.24,9.479098150988287,2.760901849011713
2010THOM03,exponential,486.0,11.9,9.47708013386854,2.42291986613146
2010THOM03,exponential,487.0,11.41,9.475076907715374,1.9349230922846257
2010THOM03,exponential,488.0,9.35,9.47308836411906,-0.12308836411906121
2010THOM03,exponential,489.0,11.5,9.471114395464449,2.0288856045355512
2010THOM03,exponential,490.0,10.52,9.469154894925156,1.0508451050748437
2010THOM03,exponential,491.0,9.02,9.467209756457775,-0.4472097564577755
2010THOM03,exponential,492.0,9.52,9.465278874796137,0.054721125203862186
2010THOM03,exponential,493.0,10.32,9.463362145445624,0.8566378545543767
2010THOM03,exponential,494.0,9.32,9.461459464677498,-0.1414594646774976
2010THOM03,exponential,495.0,8.93,9.459570729523302,-0.5295707295233019
2010THOM03,exponential,496.0,10.73,9.45769583776928,1.2723041622307196
2010THOM03,exponential,497.0,8.58,9.455834687950846,-0.8758346879508458
2010THOM03,exponential,498.0,8.21,9.453987179347097,-1.243987179347096
2010THOM03,exponential,499.0,10.35,9.452153211975357,0.8978467880246424
2010THOM03,exponential,500.0,7.01,9.450332686585769,-2.4403326865857693
2010THOM03,exponential,501.0,8.95,9.448525504655922,-0.49852550465592316
2010THOM03,exponential,502.0,12.35,9.446731568385525,2.9032684316144746
2010THOM03,exponential,503.0,9.33,9.444950780691107,-0.11495078069110676
2010THOM03,exponential,504.0,8.71,9.443183045200763,-0.7331830452007626
2010THOM03,exponential,505.0,9.42,9.441428266248948,-0.021428266248948447
2010THOM03,exponential,506.0,11.13,9.43968634887129,1.6903136511287116
2010THOM03,exponential,507.0,8.95,9.437957198799452,-0.4879571987994531
2010THOM03,exponential,508.0,8.57,9.436240722456034,-0.866240722456034
2010THOM03,exponential,509.0,9.83,9.434536826949513,0.39546317305048717
2010THOM03,exponential,510.0,8.67,9.4328454200692,-0.7628454200691994
2010THOM03,exponential,511.0,8.14,9.431166410280268,-1.2911664102802671
2010THOM03,exponential,512.0,7.78,9.429499706718788,-1.649499706718788
2010THOM03,exponential,513.0,7.29,9.427845219186814,-2.137845219186814
2010THOM03,exponential,514.0,11.36,9.426202858147503,1.9337971418524962
2010THOM03,exponential,515.0,10.84,9.424572534720266,1.415427465279734
2010THOM03,exponential,516.0,8.5,9.42295416067596,-0.9229541606759604
2010THOM03,exponential,517.0,11.66,9.421347648432118,2.2386523515678824
2010THOM03,exponential,518.0,8.88,9.4197529110482,-0.5397529110481987
2010THOM03,exponential,519.0,10.1,9.418169862220894,0.6818301377791052
2010THOM03,exponential,520.0,14.34,9.416598416279449,4.923401583720551
2010THOM03,exponential,521.0,10.34,9.415038488181027,0.9249615118189727
2010THOM03,exponential,522.0,6.81,9.41348999350611,-2.60348999350611
2010THOM03,exponential,523.0,10.54,9.41195284845393,1.1280471515460686
2010THOM03,exponential,524.0,8.9,9.410426969837935,-0.5104269698379351
2010THOM03,exponential,525.0,11.41,9.408912275081283,2.001087724918717
2010THOM03,exponential,526.0,9.24,9.40740868221237,-0.16740868221237015
2010THOM03,exponential,527.0,10.21,9.405916109860412,0.804083890139589
2010THOM03,exponential,528.0,8.94,9.404434477251014,-0.4644344772510145
2010THOM03,exponential,529.0,9.59,9.402963704201824,0.18703629579817616
2010THOM03,exponential,530.0,8.66,9.401503711118178,-0.7415037111181775
2010THOM03,exponential,531.0,8.18,9.4000544189888,-1.2200544189888003
2010THOM03,exponential,532.0,8.21,9.39861574938152,-1.188615749381519
2010THOM03,exponential,533.0,10.83,9.397187624439038,1.432812375560962
2010THOM03,exponential,534.0,9.53,9.395769966874703,0.1342300331252968
2010THOM03,exponential,535.0,7.87,9.39436269996833,-1.5243626999683295
2010THOM03,exponential,536.0,10.71,9.392965747562059,1.3170342524379421
2010THOM03,exponential,537.0,9.91,9.391579034056218,0.5184209659437826
2010THOM03,exponential,538.0,9.36,9.390202484405242,-0.030202484405242203
2010THOM03,exponential,539.0,9.11,9.38883602411361,-0.27883602411361075
2010THOM03,exponential,540.0,9.71,9.387479579231815,0.32252042076818555
2010THOM03,exponential,541.0,9.14,9.386133076352353,-0.24613307635235238
2010THOM03,exponential,542.0,10.49,9.384796442605763,1.105203557394237
2010THOM03,exponential,543.0,9.0,9.383469605656675,-0.3834696056566749
2010THOM03,exponential,544.0,7.58,9.382152493699897,-1.8021524936998965
2010THOM03,exponential,545.0,8.33,9.380845035456531,-1.0508450354565309
2010THOM03,exponential,546.0,9.67,9.379547160170116,0.290452839829884
2010THOM03,exponential,547.0,9.49,9.378258797602795,0.11174120239720509
2010THOM03,exponential,548.0,8.17,9.376979878031518,-1.2069798780315182
2010THOM03,exponential,549.0,12.18,9.375710332244266,2.804289667755734
2010THOM03,exponential,550.0,10.96,9.374450091536305,1.5855499084636957
2010THOM03,exponential,551.0,9.42,9.373199087706475,0.04680091229352534
2010THOM03,exponential,552.0,6.76,9.371957253053482,-2.6119572530534825
2010THOM03,exponential,553.0,7.87,9.37072452037226,-1.50072452037226
2010THOM03,exponential,554.0,12.56,9.36950082295031,3.1904991770496913
2010THOM03,exponential,555.0,9.61,9.3682860945641,0.24171390543589943
2010THOM03,exponential,556.0,9.07,9.367080269475483,-0.29708026947548305
2010THOM03,exponential,557.0,10.6,9.365883282428136,1.2341167175718635
2010THOM03,exponential,558.0,8.54,9.36469506864403,-0.8246950686440311
2010THOM03,exponential,559.0,11.21,9.363515563819922,1.846484436180079
2010THOM03,exponential,560.0,9.34,9.362344704123878,-0.02234470412387779
2010THOM03,exponential,561.0,8.12,9.361182426191817,-1.241182426191818
2010THOM03,exponential,562.0,8.86,9.360028667124082,-0.5000286671240826
2010THOM03,exponential,563.0,12.51,9.358883364482038,3.151116635517962
2010THOM03,exponential,564.0,10.48,9.357746456284687,1.1222535437153134
2010THOM03,exponential,565.0,8.75,9.356617881005322,-0.606617881005322
2010THOM03,exponential,566.0,8.08,9.35549757756819,-1.2754975775681903
2010THOM03,exponential,567.0,6.88,9.354385485345196,-2.474385485345196
2010THOM03,exponential,568.0,10.19,9.353281544152606,0.836718455847393
2010THOM03,exponential,569.0,7.83,9.352185694247812,-1.5221856942478116
2010THOM03,exponential,570.0,8.22,9.351097876326076,-1.1310978763260753
2010THOM03,exponential,571.0,10.83,9.350018031517338,1.4799819684826616
2010THOM03,exponential,572.0,15.88,9.34894610138302,6.53105389861698
2010THOM03,exponential,573.0,11.82,9.34788202791287,2.47211797208713
2010THOM03,exponential,574.0,8.81,9.346825753521818,-0.5368257535218177
2010THOM03,exponential,575.0,11.32,9.34577722104686,1.9742227789531395
2010THOM03,exponential,576.0,12.27,9.344736373743968,2.925263626256031
2010THOM03,exponential,577.0,10.37,9.343703155285015,1.0262968447149845
2010THOM03,exponential,578.0,11.87,9.34267750975473,2.52732249024527
2010THOM03,exponential,579.0,10.79,9.341659381647666,1.4483406183523329
2010THOM03,exponential,580.0,8.6,9.34064871586521,-0.7406487158652109
2010THOM03,exponential,581.0,7.83,9.339645457712583,-1.5096454577125833
2010THOM03,exponential,582.0,10.27,9.338649552895893,0.9313504471041067
2010THOM03,exponential,583.0,8.92,9.337660947519192,-0.4176609475191917
2010THOM03,exponential,584.0,9.95,9.336679588081557,0.6133204119184423
2010THOM03,exponential,585.0,10.09,9.335705421474204,0.754294578525796
2010THOM03,exponential,586.0,9.36,9.334738394977604,0.025261605022395273
2010THOM03,exponential,587.0,8.19,9.333778456258631,-1.143778456258632
2010THOM03,exponential,588.0,8.03,9.332825553367735,-1.302825553367736
2010THOM03,exponential,589.0,7.42,9.33187963473613,-1.9118796347361293
2010THOM03,exponential,590.0,9.08,9.330940649172994,-0.2509406491729944
2010THOM03,exponential,591.0,10.41,9.330008545862714,1.0799914541372857
2010THOM03,exponential,592.0,10.94,9.329083274362125,1.6109167256378747
2010THOM03,exponential,593.0,7.75,9.32816478459778,-1.5781647845977798
2010THOM03,exponential,594.0,8.62,9.327253026863247,-0.7072530268632473
2010THOM03,exponential,595.0,7.19,9.32634795181641,-2.1363479518164104
2010THOM03,exponential,596.0,9.41,9.325449510476812,0.08455048952318833
2010THOM03,exponential,597.0,8.36,9.324557654222987,-0.9645576542229879
2010THOM03,exponential,598.0,8.54,9.323672334789846,-0.7836723347898467
2010THOM03,exponential,599.0,8.64,9.32279350426605,-0.6827935042660496
2010THOM03,exponential,600.0,12.6,9.32192111509143,3.2780788849085702
2010THOM03,exponential,601.0,9.02,9.321055120054401,-0.3010551200544018
2010THOM03,exponential,602.0,12.01,9.320195472289418,2.6898045277105815
2010THOM03,exponential,603.0,8.21,9.319342125274433,-1.1093421252744324
2010THOM03,exponential,604.0,11.78,9.318495032828379,2.4615049671716207
2010THOM03,exponential,605.0,10.13,9.317654149108673,0.8123458508913277
2010THOM03,exponential,606.0,7.37,9.316819428608731,-1.9468194286087313
2010THOM03,exponential,607.0,8.82,9.315990826155508,-0.4959908261555075
2010THOM03,exponential,608.0,7.1,9.315168296907054,-2.215168296907054
2010THOM03,exponential,609.0,9.0,9.314351796350085,-0.3143517963500848
2010THOM03,exponential,610.0,9.76,9.313541280297574,0.44645871970242546
2010THOM03,exponential,611.0,7.37,9.312736704886364,-1.9427367048863635
2010THOM03,exponential,612.0,8.22,9.311938026574788,-1.0919380265747876
2010THOM03,exponential,613.0,9.51,9.311145202140318,0.1988547978596813
2010THOM03,exponential,614.0,7.56,9.31035818867722,-1.7503581886772208
2010THOM03,exponential,615.0,10.61,9.309576943594243,1.3004230564057568
2010THOM03,exponential,616.0,13.09,9.308801424612296,3.7811985753877035
2010THOM03,exponential,617.0,9.5,9.308031589762182,0.19196841023781808
2010THOM03,exponential,618.0,10.48,9.307267397382306,1.1727326026176943
2010THOM03,exponential,619.0,11.06,9.306508806116435,1.7534911938835656
2010THOM03,exponential,620.0,7.78,9.305755774911455,-1.5257557749114552
2010THOM03,exponential,621.0,9.26,9.305008263015145,-0.045008263015144934
2010THOM03,exponential,622.0,10.57,9.30426622997398,1.2657337700260207
2010THOM03,exponential,623.0,8.45,9.303529635630934,-0.8535296356309345
2010THOM03,exponential,624.0,8.71,9.302798440123311,-0.5927984401233104
2010THOM03,exponential,625.0,13.06,9.302072603880587,3.7579273961194133
2010THOM03,exponential,626.0,8.31,9.301352087622272,-0.9913520876222712
2010THOM03,exponential,627.0,8.44,9.300636852355773,-0.860636852355773
2010THOM03,exponential,628.0,7.47,9.299926859374299,-1.8299268593742992
2010THOM03,exponential,629.0,8.69,9.299222070254753,-0.609222070254754
2010THOM03,exponential,630.0,10.01,9.298522446855664,0.711477553144336
2010THOM03,exponential,631.0,9.86,9.29782795131511,0.5621720486848893
2010THOM03,exponential,632.0,10.6,9.297138546048682,1.3028614539513175
2010THOM03,exponential,633.0,9.2,9.296454193747444,-0.09645419374744435
2010THOM03,exponential,634.0,12.3,9.29577485737591,3.0042251426240902
2010THOM03,exponential,635.0,10.35,9.29510050017005,1.0548994998299488
2010THOM03,exponential,636.0,10.94,9.294431085635289,1.645568914364711
2010THOM03,exponential,637.0,8.7,9.293766577544538,-0.5937665775445389
2010THOM03,exponential,638.0,7.71,9.293106939936237,-1.5831069399362372
2010THOM03,exponential,639.0,7.55,9.2924521371124,-1.7424521371124007
2010THOM03,exponential,640.0,9.26,9.291802133636692,-0.03180213363669182
2010THOM03,exponential,641.0,11.56,9.291156894332502,2.2688431056674982
2010THOM03,exponential,642.0,9.04,9.290516384281048,-0.25051638428104894
2010THOM03,exponential,643.0,8.89,9.289880568819482,-0.39988056881948175
2010THOM03,exponential,644.0,11.24,9.28924941353902,1.9507505864609804
2010THOM03,exponential,645.0,15.25,9.288622884283066,5.9613771157169335
2010THOM03,exponential,646.0,9.37,9.288000947145386,0.08199905285461284
2010THOM03,exponential,647.0,9.24,9.287383568468249,-0.04738356846824843
2010THOM03,exponential,648.0,12.24,9.286770714840623,2.9532292851593773
2010THOM03,exponential,649.0,8.93,9.28616235309636,-0.35616235309636046
2010THOM03,exponential,650.0,7.64,9.2855584503124,-1.645558450312401
2010THOM03,exponential,651.0,8.14,9.284958973806994,-1.1449589738069932
2010THOM03,exponential,652.0,10.59,9.284363891137929,1.3056361088620712
2010THOM03,exponential,653.0,9.2,9.283773170100776,-0.0837731701007769
2010THOM03,exponential,654.0,8.78,9.28318677872715,-0.5031867787271498
2010THOM03,exponential,655.0,10.22,9.282604685282974,0.9373953147170262
2010THOM03,exponential,656.0,15.11,9.282026858266766,5.827973141733233
2010THOM03,exponential,657.0,10.37,9.281453266407933,1.0885467335920662
2010THOM03,exponential,658.0,10.84,9.280883878665078,1.559116121334922
2010THOM03,exponential,659.0,8.93,9.280318664224318,-0.3503186642243179
2010THOM03,exponential,660.0,9.32,9.279757592497623,0.04024240750237773
2010THOM03,exponential,661.0,8.02,9.279200633121153,-1.2592006331211536
2010THOM03,exponential,662.0,9.61,9.278647755953623,0.33135224404637675
2010THOM03,exponential,663.0,8.78,9.278098931074663,-0.4980989310746633
2010THOM03,exponential,664.0,7.79,9.277554128783203,-1.487554128783203
2010THOM03,exponential,665.0,8.02,9.27701331959587,-1.2570133195958704
2010THOM03,exponential,666.0,7.83,9.276476474245383,-1.446476474245383
2010THOM03,exponential,667.0,8.29,9.275943563678977,-0.985943563678978
2010THOM03,exponential,668.0,9.48,9.275414559056829,0.20458544094317155
2010THOM03,exponential,669.0,9.75,9.274889431750491,0.4751105682495087
2010THOM03,exponential,670.0,9.27,9.274368153341353,-0.00436815334135332
2010THOM03,exponential,671.0,9.36,9.273850695619092,0.08614930438090695
2010THOM03,exponential,672.0,7.84,9.273337030580155,-1.4333370305801552
2010THOM03,exponential,673.0,9.58,9.272827130426238,0.3071728695737619
2010THOM03,exponential,674.0,8.17,9.272320967562786,-1.102320967562786
2010THOM03,exponential,675.0,12.54,9.271818514597491,3.2681814854025077
2010THOM03,exponential,676.0,9.08,9.271319744338824,-0.19131974433882348
2010THOM03,exponential,677.0,7.51,9.270824629794546,-1.7608246297945467
2010THOM03,exponential,678.0,11.54,9.270333144170266,2.2696668558297333
2010THOM03,exponential,679.0,13.16,9.269845260867974,3.8901547391320257
2010THOM03,exponential,680.0,10.16,9.269360953484613,0.8906390465153873
2010THOM03,exponential,681.0,6.88,9.268880195810642,-2.388880195810642
2010THOM03,exponential,682.0,9.05,9.268402961828627,-0.21840296182862673
2010THOM03,exponential,683.0,8.96,9.267929225711823,-0.30792922571182224
2010THOM03,exponential,684.0,6.53,9.267458961822783,-2.7374589618227825
2010THOM03,exponential,685.0,9.17,9.266992144711969,-0.09699214471196882
2010THOM03,exponential,686.0,13.39,9.266528749116372,4.123471250883629
2010THOM03,exponential,687.0,10.66,9.26606874995815,1.3939312500418506
2010THOM03,exponential,688.0,8.16,9.265612122343267,-1.105612122343267
2010THOM03,exponential,689.0,8.82,9.265158841560146,-0.4451588415601453
2010THOM03,exponential,690.0,9.34,9.264708883078331,0.07529111692166879
2010THOM03,exponential,691.0,9.58,9.264262222547163,0.3157377774528367
2010THOM03,exponential,692.0,9.69,9.263818835794462,0.42618116420553775
2010THOM03,exponential,693.0,7.72,9.263378698825212,-1.5433786988252125
2010THOM03,exponential,694.0,12.11,9.262941787820273,2.8470582121797268
2010THOM03,exponential,695.0,11.37,9.26250807913508,2.10749192086492
2010THOM03,exponential,696.0,9.78,9.262077549298374,0.5179224507016258
2010THOM03,exponential,697.0,8.31,9.261650175010926,-0.9516501750109256
2010THOM03,exponential,698.0,11.26,9.261225933144281,1.9987740668557183
2010THOM03,exponential,699.0,7.19,9.260804800739498,-2.0708048007394977
2010THOM03,exponential,700.0,9.1,9.260386755005916,-0.16038675500591637
2010THOM03,exponential,701.0,8.3,9.259971773319915,-0.9599717733199142
2010THOM03,exponential,702.0,11.85,9.259559833223694,2.5904401667763057
2010THOM03,exponential,703.0,8.91,9.259150912424058,-0.34915091242405794
2010THOM03,exponential,704.0,9.27,9.258744988791207,0.011255011208792354
2010THOM03,exponential,705.0,9.93,9.258342040357538,0.6716579596424612
2010THOM03,exponential,706.0,9.41,9.257942045316465,0.152057954683535
2010THOM03,exponential,707.0,11.17,9.257544982021226,1.9124550179787736
2010THOM03,exponential,708.0,13.62,9.257150828983722,4.362849171016277
2010THOM03,exponential,709.0,10.61,9.256759564873347,1.3532404351266525
2010THOM03,exponential,710.0,12.21,9.25637116851584,2.9536288314841617
2010THOM03,exponential,711.0,9.11,9.255985618892131,-0.1459856188921318
2010THOM03,exponential,712.0,7.98,9.255602895137216,-1.2756028951372151
2010THOM03,exponential,713.0,11.68,9.255222976539011,2.4247770234609884
2010THOM03,exponential,714.0,7.43,9.254845842537248,-1.8248458425372487
2010THOM03,exponential,715.0,8.47,9.25447147272235,-0.7844714727223501
2010THOM03,exponential,716.0,9.49,9.254099846834334,0.23590015316566593
2010THOM03,exponential,717.0,8.54,9.253730944761708,-0.7137309447617088
2010THOM03,exponential,718.0,10.05,9.25336474654039,0.7966352534596108
2010THOM03,exponential,719.0,10.47,9.253001232352622,1.2169987676473788
2010THOM03,exponential,720.0,10.47,9.2526403825259,1.2173596174741004
2010THOM03,exponential,721.0,11.45,9.252282177531907,2.1977178224680927
2010THOM03,exponential,722.0,11.19,9.25192659798546,1.93807340201454
2010THOM03,exponential,723.0,10.26,9.25157362464346,1.0084263753565406
2010THOM03,exponential,724.0,9.21,9.251223238403844,-0.0412232384038429
2010THOM03,exponential,725.0,6.68,9.250875420304563,-2.5708754203045636
2010THOM03,exponential,726.0,8.94,9.250530151522547,-0.31053015152254737
2010THOM03,exponential,727.0,8.34,9.250187413372688,-0.9101874133726877
2010THOM03,exponential,728.0,9.66,9.249847187306829,0.4101528126931715
2010THOM03,exponential,729.0,10.1,9.249509454912763,0.8504905450872364
2010THOM03,exponential,730.0,9.37,9.249174197913234,0.12082580208676497
2010THOM03,exponential,731.0,10.81,9.24884139816495,1.56115860183505
2010THOM03,exponential,732.0,9.67,9.248511037657595,0.42148896234240496
2010THOM03,exponential,733.0,11.47,9.248183098512861,2.2218169014871396
2010THOM03,exponential,734.0,8.17,9.24785756298348,-1.0778575629834801
2010THOM03,exponential,735.0,8.31,9.247534413452259,-0.9375344134522585
2010THOM03,exponential,736.0,8.38,9.247213632431132,-0.867213632431131
2010THOM03,exponential,737.0,10.32,9.246895202560209,1.0731047974397914
2010THOM03,exponential,738.0,8.06,9.24657910660684,-1.186579106606839
2010THOM03,exponential,739.0,11.55,9.246265327464679,2.303734672535322
2010THOM03,exponential,740.0,8.3,9.245953848152764,-0.9459538481527634
2010THOM03,exponential,741.0,9.77,9.245644651814588,0.5243553481854111
2010THOM03,exponential,742.0,8.57,9.245337721717199,-0.6753377217171987
2010THOM03,exponential,743.0,9.44,9.245033041250286,0.19496695874971337
2010THOM03,exponential,744.0,9.02,9.244730593925283,-0.22473059392528327
2010THOM03,exponential,745.0,9.82,9.244430363374475,0.5755696366255254
2010THOM03,exponential,746.0,11.7,9.244132333350116,2.4558676666498833
2010THOM03,exponential,747.0,8.07,9.243836487723541,-1.1738364877235412
2010THOM03,exponential,748.0,7.33,9.243542810484309,-1.9135428104843086
2010THOM03,exponential,749.0,7.65,9.243251285739317,-1.593251285739317
2010THOM03,exponential,750.0,7.46,9.24296189771196,-1.7829618977119592
2010THOM03,exponential,751.0,6.52,9.242674630741256,-2.722674630741256
2010THOM03,exponential,752.0,9.33,9.242389469281015,0.08761053071898495
2010THOM03,exponential,753.0,10.56,9.242106397898995,1.3178936021010053
2010THOM03,exponential,754.0,10.27,9.24182540127606,1.0281745987239397
2010THOM03,exponential,755.0,11.13,9.241546464205355,1.8884535357946461
2010THOM03,exponential,756.0,8.8,9.241269571591483,-0.44126957159148184
2010THOM03,exponential,757.0,8.81,9.24099470844969,-0.4309947084496901
2010THOM03,exponential,758.0,7.74,9.24072185990505,-1.500721859905049
2010THOM03,exponential,759.0,10.58,9.240451011191663,1.3395489888083372
2010THOM03,exponential,760.0,12.23,9.240182147651854,2.9898178523481462
2010THOM03,exponential,761.0,11.47,9.239915254735385,2.230084745264616
2010THOM03,exponential,762.0,9.54,9.239650317998656,0.30034968200134315
2010THOM03,exponential,763.0,8.69,9.239387323103937,-0.5493873231039377
2010THOM03,exponential,764.0,8.88,9.239126255818583,-0.35912625581858215
2010THOM03,exponential,765.0,8.29,9.238867102014268,-0.9488671020142689
2010THOM03,exponential,766.0,9.11,9.238609847666217,-0.1286098476662172
2010THOM03,exponential,767.0,9.0,9.238354478852449,-0.23835447885244854
2010THOM03,exponential,768.0,10.59,9.238100981753025,1.351899018246975
2010THOM03,exponential,769.0,19.81,9.237849342649298,10.5721506573507
2010THOM03,exponential,770.0,11.1,9.237599547923173,1.8624004520768267
2010THOM03,exponential,771.0,8.85,9.237351584056366,-0.3873515840563666
2010THOM03,exponential,772.0,8.58,9.237105437629673,-0.6571054376296726
2010THOM03,exponential,773.0,10.01,9.23686109532225,0.773138904677749
2010THOM03,exponential,774.0,10.12,9.236618543910884,0.8833814560891149
2010THOM03,exponential,775.0,9.09,9.236377770269282,-0.14637777026928234
2010THOM03,exponential,776.0,10.7,9.23613876136736,1.4638612386326386
2010THOM03,exponential,777.0,9.52,9.23590150427054,0.28409849572945944
2010THOM03,exponential,778.0,7.64,9.23566598613904,-1.59566598613904
2010THOM03,exponential,779.0,10.36,9.235432194227192,1.1245678057728075
2010THOM03,exponential,780.0,10.13,9.23520011588275,0.8947998841172513
2010THOM03,exponential,781.0,10.41,9.23496973854619,1.1750302614538093
2010THOM03,exponential,782.0,10.44,9.23474104975006,1.2052589502499398
2010THOM03,exponential,783.0,5.89,9.234514037118272,-3.344514037118272
2010THOM03,exponential,784.0,9.33,9.234288688365456,0.0957113116345436
2010THOM03,exponential,785.0,11.85,9.234064991296286,2.6159350087037136
2010THOM03,exponential,786.0,9.68,9.233842933804818,0.44615706619518214
2010THOM03,exponential,787.0,9.02,9.23362250387384,-0.2136225038738413
2010THOM03,exponential,788.0,9.79,9.233403689574224,0.5565963104257747
2010THOM03,exponential,789.0,10.14,9.233186479064269,0.9068135209357315
2010THOM03,exponential,790.0,9.07,9.23297086058907,-0.16297086058906984
2010THOM03,exponential,791.0,10.03,9.23275682247988,0.7972431775201194
2010THOM03,exponential,792.0,8.73,9.232544353153475,-0.5025443531534748
2010THOM03,exponential,793.0,10.19,9.232333441111535,0.9576665588884641
2010THOM03,exponential,794.0,10.79,9.232124074940009,1.5578759250599905
2010THOM03,exponential,795.0,8.71,9.231916243308511,-0.5219162433085103
2010THOM03,exponential,796.0,7.13,9.231709934969698,-2.1017099349696986
2010THOM03,exponential,797.0,9.81,9.231505138758664,0.578494861241337
2010THOM03,exponential,798.0,9.73,9.231301843592334,0.49869815640766646
2010THOM03,exponential,799.0,9.23,9.23110003846887,-0.0011000384688699683
2010THOM03,exponential,800.0,8.98,9.23089971246707,-0.2508997124670689
2010THOM03,exponential,801.0,8.44,9.230700854745773,-0.7907008547457739
2010THOM03,exponential,802.0,8.84,9.230503454543289,-0.39050345454328905
2010THOM03,exponential,803.0,10.81,9.230307501176794,1.5796924988232064
2010THOM03,exponential,804.0,9.12,9.230112984041769,-0.11011298404176983
2010THOM03,exponential,805.0,8.55,9.22991989261142,-0.6799198926114194
2010THOM03,exponential,806.0,8.58,9.229728216436108,-0.6497282164361078
2010THOM03,exponential,807.0,9.79,9.229537945142784,0.560462054857215
2010THOM03,exponential,808.0,8.98,9.229349068434429,-0.2493490684344284
2010THOM03,exponential,809.0,9.91,9.229161576089492,0.6808384239105081
2010THOM03,exponential,810.0,10.39,9.228975457961347,1.1610245420386534
2010THOM03,exponential,811.0,13.34,9.22879070397773,4.11120929602227
2010THOM03,exponential,812.0,8.93,9.228607304140207,-0.29860730414020686
2010THOM03,exponential,813.0,7.51,9.228425248523621,-1.718425248523621
2010THOM03,exponential,814.0,9.48,9.228244527275567,0.2517554727244331
2010THOM03,exponential,815.0,9.85,9.22806513061585,0.62193486938415
2010THOM03,exponential,816.0,8.52,9.22788704883596,-0.7078870488359605
2010THOM03,exponential,817.0,8.94,9.227710272298541,-0.2877102722985416
2010THOM03,exponential,818.0,9.79,9.227534791436879,0.5624652085631201
2010THOM03,exponential,819.0,10.76,9.227360596754375,1.532639403245625
2010THOM03,exponential,820.0,8.52,9.227187678824036,-0.7071876788240363
2010THOM03,exponential,821.0,8.82,9.227016028287965,-0.40701602828796446
2010THOM03,exponential,822.0,13.84,9.22684563585685,4.613154364143149
2010THOM03,exponential,823.0,8.27,9.226676492309469,-0.9566764923094695
2010THOM03,exponential,824.0,11.12,9.226508588492184,1.8934914115078154
2010THOM03,exponential,825.0,9.62,9.226341915318448,0.39365808468155095
2010THOM03,exponential,826.0,9.39,9.226176463768313,0.16382353623168733
2010THOM03,exponential,827.0,9.95,9.226012224887945,0.7239877751120538
2010THOM03,exponential,828.0,7.52,9.225849189789136,-1.7058491897891361
2010THOM03,exponential,829.0,8.06,9.225687349648819,-1.1656873496488185
2010THOM03,exponential,830.0,7.11,9.2255266957086,-2.1155266957086
2010THOM03,exponential,831.0,9.6,9.22536721927428,0.3746327807257188
2010THOM03,exponential,832.0,9.36,9.22520891171538,0.1347910882846186
2010THOM03,exponential,833.0,7.74,9.225051764464684,-1.485051764464684
2010THOM03,exponential,834.0,9.39,9.224895769017758,0.16510423098224258
2010THOM03,exponential,835.0,7.91,9.224740916932513,-1.3147409169325126
2010THOM03,exponential,836.0,7.69,9.224587199828727,-1.534587199828727
2010THOM03,exponential,837.0,9.19,9.224434609387606,-0.03443460938760623
2010THOM03,exponential,838.0,10.34,9.224283137351327,1.1157168626486733
2010THOM03,exponential,839.0,8.08,9.224132775522587,-1.1441327755225874
2010THOM03,exponential,840.0,8.76,9.223983515764175,-0.4639835157641752
2010THOM03,exponential,841.0,8.73,9.223835349998513,-0.49383534999851264
2010THOM03,exponential,842.0,7.83,9.22368827020723,-1.39368827020723
2010THOM03,exponential,843.0,12.75,9.223542268430725,3.526457731569275
2010THOM03,exponential,844.0,8.14,9.223397336767736,-1.0833973367677352
2010THOM03,exponential,845.0,7.54,9.223253467374914,-1.6832534673749135
2010THOM03,exponential,846.0,6.75,9.2231106524664,-2.4731106524663993
2010THOM03,exponential,847.0,7.41,9.222968884313394,-1.8129688843133938
2010THOM03,exponential,848.0,11.59,9.22282815524375,2.3671718447562498
2010THOM03,exponential,849.0,10.29,9.222688457641553,1.0673115423584463
2010THOM03,exponential,850.0,8.87,9.222549783946707,-0.3525497839467082
2010THOM03,exponential,851.0,8.44,9.222412126654532,-0.782412126654533
2010THOM03,exponential,852.0,9.49,9.222275478315346,0.267724521684654
2010THOM03,exponential,853.0,8.22,9.222139831534076,-1.002139831534075
2010THOM03,exponential,854.0,10.07,9.222005178969846,0.847994821030154
2010THOM03,exponential,855.0,12.27,9.221871513335588,3.048128486664412
2010THOM03,exponential,856.0,9.29,9.22173882739764,0.06826117260235876
2010THOM03,exponential,857.0,9.19,9.221607113975363,-0.03160711397536353
2010THOM03,exponential,858.0,9.9,9.221476365940749,0.6785236340592515
2010THOM03,exponential,859.0,7.21,9.221346576218028,-2.0113465762180285
2010THOM03,exponential,860.0,8.14,9.2212177377833,-1.0812177377832999
2010THOM03,exponential,861.0,7.5,9.221089843664139,-1.7210898436641386
2010THOM03,exponential,862.0,7.47,9.220962886939228,-1.7509628869392282
2010THOM03,exponential,863.0,11.77,9.220836860737975,2.549163139262024
2010THOM03,exponential,864.0,8.68,9.220711758240151,-0.5407117582401515
2010THOM03,exponential,865.0,8.8,9.22058757267551,-0.42058757267550995
2010THOM03,exponential,866.0,8.03,9.220464297323435,-1.1904642973234356
2010THOM03,exponential,867.0,9.18,9.22034192551256,-0.04034192551256055
2010THOM03,exponential,868.0,11.45,9.220220450620422,2.229779549379577
2010THOM03,exponential,869.0,11.3,9.220099866073095,2.0799001339269054
2010THOM03,exponential,870.0,7.8,9.219980165344834,-1.4199801653448345
2010THOM03,exponential,871.0,9.62,9.21986134195773,0.40013865804226967
2010THOM03,exponential,872.0,7.77,9.219743389481348,-1.4497433894813483
2010THOM03,exponential,873.0,8.3,9.219626301532388,-0.9196263015323876
2010THOM03,exponential,874.0,9.26,9.219510071774332,0.04048992822566788
2010THOM03,exponential,875.0,7.86,9.219394693917112,-1.3593946939171113
2010THOM03,exponential,876.0,7.23,9.219280161716755,-1.9892801617167546
2010THOM03,exponential,877.0,8.48,9.21916646897506,-0.7391664689750588
2010THOM03,exponential,878.0,10.21,9.219053609539248,0.9909463904607527
2010THOM03,exponential,879.0,5.97,9.218941577301646,-3.248941577301646
2010THOM03,exponential,880.0,8.3,9.218830366199336,-0.9188303661993356
2010THOM03,exponential,881.0,8.76,9.218719970213849,-0.45871997021384914
2010THOM03,exponential,882.0,11.06,9.218610383370818,1.8413896166291828
2010THOM03,exponential,883.0,11.2,9.218501599739671,1.9814984002603282
2010THOM03,exponential,884.0,9.58,9.218393613433303,0.36160638656669697
2010THOM03,exponential,885.0,9.85,9.218286418607757,0.6317135813922423
2010THOM03,exponential,886.0,10.27,9.218180009461909,1.0518199905380907
2010THOM03,exponential,887.0,7.13,9.218074380237155,-2.0880743802371553
2010THOM03,exponential,888.0,8.77,9.2179695252171,-0.44796952521710054
2010THOM03,exponential,889.0,8.39,9.217865438727243,-0.8278654387272422
2010THOM03,exponential,890.0,8.64,9.217762115134676,-0.577762115134675
2010THOM03,exponential,891.0,9.89,9.217659548847777,0.6723404511522233
2010THOM03,exponential,892.0,10.86,9.217557734315909,1.6424422656840907
2010THOM03,exponential,893.0,8.55,9.217456666029117,-0.6674566660291159
2010THOM03,exponential,894.0,4.86,9.217356338517831,-4.357356338517831
2010THOM03,exponential,895.0,13.06,9.21725674635257,3.8427432536474306
2010THOM03,exponential,896.0,8.72,9.217157884143647,-0.4971578841436468
2010THOM03,exponential,897.0,9.2,9.21705974654088,-0.017059746540880383
2010THOM03,exponential,898.0,9.31,9.2169623282333,0.09303767176669986
2010THOM03,exponential,899.0,8.89,9.216865623948868,-0.3268656239488674
2010THOM03,exponential,900.0,8.73,9.216769628454179,-0.48676962845417826
2010THOM03,exponential,901.0,10.24,9.216674336554194,1.0233256634458066
2010THOM03,exponential,902.0,8.8,9.216579743091943,-0.41657974309194223
2010THOM03,exponential,903.0,9.27,9.21648584294826,0.05351415705174034
2010THOM03,exponential,904.0,11.96,9.216392631041495,2.7436073689585054
2010THOM03,exponential,905.0,9.04,9.216300102327251,-0.1763001023272519
2010THOM03,exponential,906.0,9.3,9.216208251798095,0.08379174820190549
2010THOM03,exponential,907.0,8.65,9.216117074483302,-0.5661170744833015
2010THOM03,exponential,908.0,11.64,9.216026565448574,2.423973434551426
2010THOM03,exponential,909.0,9.94,9.215936719795787,0.7240632802042128
2010THOM03,exponential,910.0,7.59,9.215847532662707,-1.625847532662707
2010THOM03,exponential,911.0,8.23,9.215758999222746,-0.985758999222746
2010THOM03,exponential,912.0,8.74,9.21567111468469,-0.47567111468469037
2010THOM03,exponential,913.0,10.15,9.215583874292442,0.9344161257075587
2010THOM03,exponential,914.0,7.33,9.21549727332476,-1.8854972733247592
2010THOM03,exponential,915.0,6.93,9.215411307095014,-2.285411307095014
2010THOM03,exponential,916.0,7.33,9.21532597095092,-1.8853259709509196
2010THOM03,exponential,917.0,9.61,9.215241260274292,0.39475873972570774
2010THOM03,exponential,918.0,9.57,9.215157170480794,0.35484282951920676
2010THOM03,exponential,919.0,9.14,9.215073697019692,-0.07507369701969147
2010THOM03,exponential,920.0,15.01,9.214990835373603,5.795009164626396
2010THOM03,exponential,921.0,8.24,9.21490858105826,-0.9749085810582603
2010THOM03,exponential,922.0,8.99,9.214826929622257,-0.2248269296222567
2010THOM03,exponential,923.0,9.02,9.214745876646814,-0.19474587664681486
2010THOM03,exponential,924.0,10.91,9.214665417745547,1.6953345822544534
2010THOM03,exponential,925.0,8.62,9.21458554856421,-0.5945855485642113
2010THOM03,exponential,926.0,9.92,9.214506264780482,0.7054937352195179
2010THOM03,exponential,927.0,10.08,9.214427562103713,0.8655724378962866
2010THOM03,exponential,928.0,7.69,9.21434943627471,-1.5243494362747088
2010THOM03,exponential,929.0,8.15,9.214271883065488,-1.0642718830654871
2010THOM03,exponential,930.0,9.26,9.21419489827906,0.045805101720940655
2010THOM03,exponential,931.0,5.11,9.214118477749192,-4.104118477749192
2010THOM03,exponential,932.0,9.78,9.214042617340196,0.5659573826598034
2010THOM03,exponential,933.0,11.45,9.213967312946686,2.2360326870533136
2010THOM03,exponential,934.0,9.36,9.213892560493374,0.14610743950662552
2010THOM03,exponential,935.0,7.3,9.21381835593484,-1.9138183559348407
2010THOM03,exponential,936.0,9.69,9.213744695255311,0.47625530474468825
2010THOM03,exponential,937.0,10.34,9.213671574468451,1.1263284255315487
2010THOM03,exponential,938.0,13.41,9.213598989617141,4.196401010382859
2010THOM03,exponential,939.0,8.54,9.213526936773267,-0.6735269367732677
2010THOM03,exponential,940.0,8.94,9.2134554120375,-0.27345541203750123
2010THOM03,exponential,941.0,10.27,9.2133844115391,1.0566155884609003
2010THOM03,exponential,942.0,10.78,9.213313931435687,1.5666860685643123
2010THOM03,exponential,943.0,11.99,9.213243967913055,2.7767560320869453
2010THOM03,exponential,944.0,7.09,9.213174517184942,-2.1231745171849425
2010THOM03,exponential,945.0,8.34,9.21310557549285,-0.8731055754928505
2010THOM03,exponential,946.0,9.47,9.213037139105818,0.2569628608941823
2010THOM03,exponential,947.0,8.02,9.212969204320236,-1.192969204320237
2010THOM03,exponential,948.0,7.58,9.21290176745964,-1.6329017674596393
2010THOM03,exponential,949.0,9.23,9.212834824874507,0.017165175125493093
2010THOM03,exponential,950.0,9.51,9.21276837294207,0.29723162705792916
2010THOM03,exponential,951.0,8.42,9.212702408066113,-0.7927024080661127
2010THOM03,exponential,952.0,8.6,9.212636926676776,-0.6126369266767764
2010THOM03,exponential,953.0,7.54,9.212571925230364,-1.672571925230364
2010THOM03,exponential,954.0,7.05,9.212507400209157,-2.162507400209157
2010THOM03,exponential,955.0,9.93,9.21244334812122,0.7175566518787804
2010THOM03,exponential,956.0,13.51,9.212379765500208,4.297620234499792
2010THOM03,exponential,957.0,7.67,9.212316648905183,-1.5423166489051834
2010THOM03,exponential,958.0,11.42,9.212253994920431,2.207746005079569
2010THOM03,exponential,959.0,8.48,9.212191800155269,-0.7321918001552685
2010THOM03,exponential,960.0,12.96,9.212130061243867,3.747869938756134
2010THOM03,exponential,961.0,8.22,9.212068774845065,-0.9920687748450643
2010THOM03,exponential,962.0,11.84,9.212007937642195,2.627992062357805
2010THOM03,exponential,963.0,7.82,9.211947546342891,-1.391947546342891
2010THOM03,exponential,964.0,11.38,9.211887597678926,2.168112402321075
2010THOM03,exponential,965.0,10.22,9.211828088406023,1.008171911593978
2010THOM03,exponential,966.0,12.31,9.211769015303686,3.0982309846963147
2010THOM03,exponential,967.0,11.76,9.211710375175018,2.5482896248249816
2010THOM03,exponential,968.0,10.57,9.211652164846564,1.3583478351534364
2010THOM03,exponential,969.0,8.56,9.211594381168117,-0.6515943811681169
2010THOM03,exponential,970.0,11.28,9.211537021012568,2.068462978987432
2010THOM03,exponential,971.0,9.02,9.211480081275724,-0.19148008127572425
2010THOM03,exponential,972.0,11.8,9.211423558876144,2.588576441123857
2010THOM03,exponential,973.0,9.29,9.211367450754974,0.07863254924502527
2010THOM03,exponential,974.0,6.73,9.211311753875778,-2.4813117538757776
2010THOM03,exponential,975.0,9.16,9.211256465224379,-0.051256465224378545
2010THOM03,exponential,976.0,9.57,9.211201581808686,0.35879841819131464
2010THOM03,exponential,977.0,11.57,9.211147100658543,2.358852899341457
2010THOM03,exponential,978.0,11.66,9.211093018825563,2.448906981174437
2010THOM03,exponential,979.0,9.35,9.211039333382969,0.13896066661703088
2010THOM03,exponential,980.0,9.01,9.210986041425434,-0.20098604142543408
2010THOM03,exponential,981.0,8.43,9.21093314006893,-0.7809331400689299
2010THOM03,exponential,982.0,7.1,9.21088062645056,-2.1108806264505606
2010THOM03,exponential,983.0,10.89,9.210828497728416,1.6791715022715845
2010THOM03,exponential,984.0,11.24,9.21077675108142,2.02922324891858
2010THOM03,exponential,985.0,8.94,9.210725383709168,-0.2707253837091681
2010THOM03,exponential,986.0,10.5,9.210674392831782,1.2893256071682178
2010THOM03,exponential,987.0,8.95,9.210623775689761,-0.260623775689762
2010THOM03,exponential,988.0,10.36,9.210573529543828,1.1494264704561719
2010THOM03,exponential,989.0,8.05,9.210523651674782,-1.1605236516747812
2010THOM03,exponential,990.0,8.44,9.210474139383354,-0.7704741393833547
2010THOM03,exponential,991.0,12.58,9.210424989990063,3.369575010009937
2010THOM03,exponential,992.0,8.71,9.210376200835059,-0.5003762008350581
2010THOM03,exponential,993.0,9.58,9.210327769277994,0.3696722307220064
2010THOM03,exponential,994.0,8.87,9.210279692697869,-0.3402796926978695
2010THOM03,exponential,995.0,8.66,9.210231968492895,-0.5502319684928949
2010THOM03,exponential,996.0,9.95,9.210184594080356,0.7398154059196429
2010THOM03,exponential,997.0,8.28,9.210137566896465,-0.930137566896466
2010THOM03,exponential,998.0,9.1,9.210090884396221,-0.11009088439622161
2010THOM03,exponential,999.0,10.35,9.210044544053284,1.1399554559467155
2010THOM03,exponential,1000.0,7.68,9.209998543359827,-1.5299985433598273
2010THOM03,exponential,1001.0,7.65,9.209952879826403,-1.5599528798264028
2010THOM03,exponential,1002.0,7.83,9.209907550981812,-1.3799075509818124
2010THOM03,exponential,1003.0,11.59,9.209862554372968,2.3801374456270317
2010THOM03,exponential,1004.0,6.54,9.209817887564766,-2.669817887564766
2010THOM03,exponential,1005.0,8.76,9.209773548139943,-0.44977354813994275
2010THOM03,exponential,1006.0,9.79,9.20972953369896,0.5802704663010392
2010THOM03,exponential,1007.0,9.99,9.20968584185986,0.7803141581401398
2010THOM03,exponential,1008.0,10.16,9.209642470258151,0.950357529741849
2010THOM03,exponential,1009.0,7.79,9.209599416546663,-1.4195994165466628
2010THOM03,exponential,1010.0,7.47,9.209556678395435,-1.7395566783954353
2010THOM03,exponential,1011.0,8.88,9.209514253491584,-0.3295142534915829
2010THOM03,exponential,1012.0,8.2,9.209472139539175,-1.0094721395391755
2010THOM03,exponential,1013.0,7.46,9.209430334259103,-1.7494303342591033
2010THOM03,exponential,1014.0,10.94,9.20938883538897,1.7306111646110303
2010THOM03,exponential,1015.0,7.66,9.209347640682957,-1.5493476406829565
2010THOM03,exponential,1016.0,10.64,9.209306747911706,1.430693252088295
2010THOM03,exponential,1017.0,8.06,9.2092661548622,-1.1492661548622003
2010THOM03,exponential,1018.0,8.21,9.209225859337643,-0.999225859337642
2010THOM03,exponential,1019.0,8.33,9.209185859157339,-0.8791858591573387
2010THOM03,exponential,1020.0,9.4,9.209146152156572,0.19085384784342807
2010THOM03,exponential,1021.0,10.02,9.2091067361865,0.8108932638134991
2010THOM03,exponential,1022.0,7.72,9.209067609114026,-1.4890676091140262
2010THOM03,exponential,1023.0,8.19,9.209028768821684,-1.0190287688216841
2010THOM03,exponential,1024.0,7.87,9.208990213207535,-1.338990213207535
2010THOM03,exponential,1025.0,27.24,9.208951940185043,18.031048059814957
2010THOM03,exponential,1026.0,9.22,9.208913947682966,0.011086052317034856
2010THOM03,exponential,1027.0,7.78,9.208876233645238,-1.428876233645238
2010THOM03,exponential,1028.0,8.4,9.20883879603087,-0.8088387960308694
2010THOM03,exponential,1029.0,8.95,9.20880163281383,-0.25880163281382984
2010THOM03,exponential,1030.0,8.13,9.208764741982932,-1.0787647419829316
2010THOM03,exponential,1031.0,8.95,9.208728121541737,-0.2587281215417381
2010THOM03,exponential,1032.0,9.58,9.208691769508434,0.37130823049156625
2010THOM03,exponential,1033.0,7.78,9.208655683915739,-1.4286556839157383
2010THOM03,exponential,1034.0,8.5,9.208619862810789,-0.7086198628107887
2010THOM03,exponential,1035.0,8.9,9.208584304255032,-0.3085843042550316
2010THOM03,exponential,1036.0,8.19,9.208549006324125,-1.0185490063241254
2010THOM03,exponential,1037.0,7.7,9.20851396710783,-1.50851396710783
2010THOM03,exponential,1038.0,7.99,9.20847918470991,-1.21847918470991
2010THOM03,exponential,1039.0,10.28,9.208444657248025,1.0715553427519744
2010THOM03,exponential,1040.0,8.29,9.208410382853636,-0.9184103828536365
2010THOM03,exponential,1041.0,8.64,9.208376359671892,-0.5683763596718912
2010THOM03,exponential,1042.0,7.06,9.208342585861544,-2.1483425858615446
2010THOM03,exponential,1043.0,10.84,9.208309059594834,1.631690940405166
2010THOM03,exponential,1044.0,9.5,9.208275779057402,0.29172422094259787
2010THOM03,exponential,1045.0,8.56,9.208242742448187,-0.6482427424481862
2010THOM03,exponential,1046.0,9.22,9.208209947979327,0.011790052020673514
2010THOM03,exponential,1047.0,8.98,9.208177393876067,-0.2281773938760665
2010THOM03,exponential,1048.0,10.66,9.208145078376655,1.4518549216233456
2010THOM03,exponential,1049.0,7.35,9.208112999732258,-1.858112999732258
2010THOM03,exponential,1050.0,11.59,9.208081156206854,2.3819188437931462
2010THOM03,exponential,1051.0,10.42,9.208049546077152,1.2119504539228476
2010THOM03,exponential,1052.0,9.11,9.208018167632488,-0.09801816763248894
2010THOM03,exponential,1053.0,10.86,9.207987019174736,1.6520129808252637
2010THOM03,exponential,1054.0,8.88,9.207956099018217,-0.3279560990182162
2010THOM03,exponential,1055.0,9.02,9.207925405489608,-0.187925405489608
2010THOM03,exponential,1056.0,8.62,9.20789493692785,-0.5878949369278512
2010THOM03,exponential,1057.0,6.95,9.207864691684058,-2.257864691684058
2010THOM03,exponential,1058.0,7.93,9.207834668121432,-1.2778346681214323
2010THOM03,exponential,1059.0,10.01,9.207804864615172,0.802195135384828
2010THOM03,exponential,1060.0,7.84,9.207775279552383,-1.367775279552383
2010THOM03,exponential,1061.0,7.84,9.207745911331994,-1.367745911331994
2010THOM03,exponential,1062.0,8.79,9.207716758364668,-0.41771675836466926
2010THOM03,exponential,1063.0,9.91,9.207687819072717,0.702312180927283
2010THOM03,exponential,1064.0,6.16,9.207659091890017,-3.047659091890017
2010THOM03,exponential,1065.0,9.12,9.207630575261923,-0.08763057526192419
2010THOM03,exponential,1066.0,7.45,9.207602267645186,-1.7576022676451855
2010THOM03,exponential,1067.0,8.49,9.207574167507863,-0.7175741675078626
2010THOM03,exponential,1068.0,7.92,9.207546273329244,-1.2875462733292444
2010THOM03,exponential,1069.0,10.68,9.207518583599766,1.4724814164002336
2010THOM03,exponential,1070.0,8.51,9.207491096820926,-0.6974910968209258
2010THOM03,exponential,1071.0,11.16,9.207463811505207,1.9525361884947934
2010THOM03,exponential,1072.0,8.89,9.207436726175995,-0.3174367261759947
2010THOM03,exponential,1073.0,9.48,9.207409839367497,0.27259016063250385
2010THOM03,exponential,1074.0,9.67,9.207383149624663,0.46261685037533695
2010THOM03,exponential,1075.0,9.85,9.20735665550311,0.6426433444968893
2010THOM03,exponential,1076.0,8.68,9.207330355569042,-0.5273303555690418
2010THOM03,exponential,1077.0,9.0,9.207304248399167,-0.20730424839916672
2010THOM03,exponential,1078.0,9.43,9.207278332580632,0.22272166741936772
2010THOM03,exponential,1079.0,9.28,9.207252606710934,0.07274739328906499
2010THOM03,exponential,1080.0,7.8,9.207227069397852,-1.4072270693978526
2010THOM03,exponential,1081.0,8.56,9.20720171925937,-0.6472017192593693
2010THOM03,exponential,1082.0,9.08,9.207176554923597,-0.12717655492359725
2010THOM03,exponential,1083.0,9.87,9.207151575028703,0.6628484249712958
2010THOM03,exponential,1084.0,8.59,9.207126778222836,-0.6171267782228362
2010THOM03,exponential,1085.0,10.55,9.207102163164052,1.3428978368359488
2010THOM03,exponential,1086.0,7.58,9.207077728520245,-1.627077728520245
2010THOM03,exponential,1087.0,9.07,9.207053472969072,-0.13705347296907178
2010THOM03,exponential,1088.0,10.48,9.20702939519788,1.2729706048021203
2010THOM03,exponential,1089.0,8.6,9.20700549390364,-0.6070054939036407
2010THOM03,exponential,1090.0,7.85,9.20698176779287,-1.3569817677928704
2010THOM03,exponential,1091.0,10.12,9.206958215581574,0.9130417844184251
2010THOM03,exponential,1092.0,9.75,9.20693483599516,0.5430651640048403
2010THOM03,exponential,1093.0,7.28,9.206911627768383,-1.9269116277683827
2010THOM03,exponential,1094.0,8.62,9.206888589645272,-0.5868885896452731
2010THOM03,exponential,1095.0,7.3,9.206865720379056,-1.9068657203790567
2010THOM03,exponential,1096.0,8.45,9.20684301873211,-0.7568430187321109
2010THOM03,exponential,1097.0,8.73,9.206820483475871,-0.4768204834758709
2010THOM03,exponential,1098.0,7.86,9.206798113390791,-1.3467981133907907
2010THOM03,exponential,1099.0,9.02,9.206775907266254,-0.18677590726625404
2010THOM03,exponential,1100.0,8.69,9.206753863900515,-0.5167538639005151
2010THOM03,exponential,1101.0,10.01,9.206731982100646,0.8032680178993541
2010THOM03,exponential,1102.0,31.05,9.206710260682451,21.843289739317548
2010THOM03,exponential,1103.0,9.6,9.206688698470426,0.3933113015295735
2010THOM03,exponential,1104.0,13.3,9.206667294297672,4.093332705702329
2010THOM03,exponential,1105.0,11.03,9.206646047005849,1.8233539529941503
2010THOM03,exponential,1106.0,10.05,9.206624955445104,0.8433750445548966
2010THOM03,exponential,1107.0,9.34,9.206604018474016,0.1333959815259842
2010THOM03,exponential,1108.0,7.65,9.206583234959522,-1.5565832349595219
2010THOM03,exponential,1109.0,8.13,9.206562603776874,-1.076562603776873
2010THOM03,exponential,1110.0,6.79,9.206542123809559,-2.416542123809559
2010THOM03,exponential,1111.0,8.17,9.206521793949253,-1.0365217939492535
2010THOM03,exponential,1112.0,8.01,9.206501613095751,-1.1965016130957515
2010THOM03,exponential,1113.0,10.23,9.206481580156918,1.0235184198430822
2010THOM03,exponential,1114.0,8.02,9.206461694048615,-1.1864616940486155
2010THOM03,exponential,1115.0,8.35,9.20644195369466,-0.8564419536946595
2010THOM03,exponential,1116.0,9.85,9.206422358026748,0.643577641973252
2010THOM03,exponential,1117.0,9.34,9.20640290598441,0.13359709401558995
2010THOM03,exponential,1118.0,8.9,9.206383596514952,-0.3063835965149515
2010THOM03,exponential,1119.0,9.72,9.206364428573389,0.5136355714266116
2010THOM03,exponential,1120.0,11.36,9.2063454011224,2.1536545988775995
2010THOM03,exponential,1121.0,7.57,9.206326513132266,-1.636326513132266
2010THOM03,exponential,1122.0,8.37,9.206307763580813,-0.8363077635808143
2010THOM03,exponential,1123.0,9.3,9.206289151453364,0.09371084854663714
2010THOM03,exponential,1124.0,8.69,9.206270675742672,-0.5162706757426729
2010THOM03,exponential,1125.0,7.65,9.206252335448879,-1.5562523354488782
2010THOM03,exponential,1126.0,9.53,9.206234129579453,0.32376587042054616
2010THOM03,exponential,1127.0,6.78,9.206216057149135,-2.4262160571491345
2010THOM03,exponential,1128.0,9.22,9.206198117179891,0.013801882820109412
2010THOM03,exponential,1129.0,10.58,9.206180308700851,1.3738196912991487
2010THOM03,exponential,1130.0,9.15,9.206162630748267,-0.05616263074826655
2010THOM03,exponential,1131.0,8.59,9.206145082365447,-0.6161450823654473
2010THOM03,exponential,1132.0,8.9,9.206127662602718,-0.3061276626027176
2010THOM03,exponential,1133.0,8.58,9.206110370517363,-0.6261103705173632
2010THOM03,exponential,1134.0,11.8,9.206093205173579,2.593906794826422
2010THOM03,exponential,1135.0,8.35,9.206076165642417,-0.856076165642417
2010THOM03,exponential,1136.0,7.47,9.206059251001738,-1.7360592510017385
2010THOM03,exponential,1137.0,8.89,9.206042460336166,-0.3160424603361651
2010THOM03,exponential,1138.0,12.69,9.206025792737028,3.483974207262971
2010THOM03,exponential,1139.0,7.99,9.206009247302317,-1.216009247302317
2010THOM03,exponential,1140.0,8.0,9.205992823136631,-1.205992823136631
2010THOM03,exponential,1141.0,9.53,9.205976519351138,0.32402348064886155
2010THOM03,exponential,1142.0,7.34,9.205960335063512,-1.8659603350635123
2010THOM03,exponential,1143.0,8.67,9.205944269397902,-0.535944269397902
2010THOM03,exponential,1144.0,7.99,9.205928321484873,-1.2159283214848724
2010THOM03,exponential,1145.0,8.44,9.205912490461362,-0.7659124904613623
2010THOM03,exponential,1146.0,11.03,9.205896775470633,1.8241032245293667
2010THOM03,exponential,1147.0,9.32,9.205881175662228,0.11411882433777265
2010THOM03,exponential,1148.0,10.15,9.205865690191922,0.9441343098080779
2010THOM03,exponential,1149.0,8.29,9.205850318221684,-0.9158503182216844
2010THOM03,exponential,1150.0,10.2,9.205835058919615,0.9941649410803848
2010THOM03,exponential,1151.0,9.84,9.20581991145992,0.634180088540079
2010THOM03,exponential,1152.0,7.22,9.205804875022858,-1.9858048750228585
2010THOM03,exponential,1153.0,7.77,9.20578994879469,-1.4357899487946906
2010THOM03,exponential,1154.0,9.01,9.205775131967648,-0.19577513196764862
2010THOM03,exponential,1155.0,7.42,9.205760423739878,-1.7857604237398785
2010THOM03,exponential,1156.0,10.21,9.20574582331541,1.00425417668459
2010THOM03,exponential,1157.0,8.09,9.205731329904102,-1.1157313299041025
2010THOM03,exponential,1158.0,6.89,9.205716942721606,-2.3157169427216067
2010THOM03,exponential,1159.0,9.1,9.205702660989324,-0.10570266098932457
2010THOM03,exponential,1160.0,9.28,9.205688483934361,0.07431151606563802
2010THOM03,exponential,1161.0,11.21,9.205674410789493,2.0043255892105076
2010THOM03,exponential,1162.0,9.16,9.205660440793112,-0.045660440793112045
2010THOM03,exponential,1163.0,9.57,9.205646573189197,0.36435342681080307
2010THOM03,exponential,1164.0,8.5,9.20563280722727,-0.7056328072272695
2010THOM03,exponential,1165.0,10.6,9.205619142162345,1.394380857837655
2010THOM03,exponential,1166.0,8.83,9.205605577254904,-0.3756055772549036
2010THOM03,exponential,1167.0,10.55,9.205592111770848,1.3444078882291528
2010THOM03,exponential,1168.0,8.45,9.205578744981459,-0.7555787449814595
2010THOM03,exponential,1169.0,8.63,9.205565476163356,-0.5755654761633551
2010THOM03,exponential,1170.0,8.48,9.205552304598465,-0.7255523045984642
2010THOM03,exponential,1171.0,9.04,9.205539229573972,-0.16553922957397305
2010THOM03,exponential,1172.0,10.02,9.205526250382288,0.8144737496177115
2010THOM03,exponential,1173.0,7.0,9.205513366321012,-2.2055133663210125
2010THOM03,exponential,1174.0,11.66,9.20550057669289,2.4544994233071105
2010THOM03,exponential,1175.0,11.7,9.205487880805777,2.4945121191942228
2010THOM03,exponential,1176.0,10.73,9.205475277972601,1.5245247220273992
2010THOM03,exponential,1177.0,8.51,9.205462767511332,-0.6954627675113318
2010THOM03,exponential,1178.0,8.12,9.20545034874493,-1.0854503487449314
2010THOM03,exponential,1179.0,10.45,9.205438021001322,1.2445619789986768
2010THOM03,exponential,1180.0,8.62,9.205425783613364,-0.5854257836133652
2010THOM03,exponential,1181.0,10.78,9.205413635918795,1.5745863640812043
2010THOM03,exponential,1182.0,9.07,9.205401577260213,-0.13540157726021285
2010THOM03,exponential,1183.0,10.76,9.205389606985031,1.5546103930149684
2010THOM03,exponential,1184.0,8.42,9.205377724445448,-0.7853777244454481
2010THOM03,exponential,1185.0,9.08,9.20536592899841,-0.12536592899840926
2010THOM03,exponential,1186.0,9.55,9.205354220005574,0.34464577999442625
2010THOM03,exponential,1187.0,9.57,9.20534259683328,0.3646574031667207
2010THOM03,exponential,1188.0,9.04,9.20533105885251,-0.16533105885251054
2010THOM03,exponential,1189.0,7.09,9.205319605438856,-2.115319605438856
2010THOM03,exponential,1190.0,8.3,9.205308235972486,-0.9053082359724858
2010THOM03,exponential,1191.0,9.37,9.205296949838115,0.1647030501618847
2010THOM03,exponential,1192.0,10.9,9.205285746424963,1.6947142535750377
2010THOM03,exponential,1193.0,11.25,9.205274625126728,2.0447253748732717
2010THOM03,exponential,1194.0,11.33,9.205263585341553,2.1247364146584466
2010THOM03,exponential,1195.0,7.25,9.205252626471992,-1.9552526264719923
2010THOM03,exponential,1196.0,8.26,9.205241747924976,-0.9452417479249764
2010THOM03,exponential,1197.0,7.73,9.205230949111787,-1.4752309491117863
2010THOM03,exponential,1198.0,8.83,9.205220229448019,-0.37522022944801847
2010THOM03,exponential,1199.0,8.04,9.205209588353547,-1.165209588353548
2010THOM03,exponential,1200.0,7.57,9.205199025252504,-1.6351990252525042
2010THOM03,exponential,1201.0,7.03,9.20518853957324,-2.175188539573239
2010THOM03,exponential,1202.0,8.79,9.205178130748294,-0.4151781307482949
2010THOM03,exponential,1203.0,7.88,9.205167798214367,-1.325167798214367
2010THOM03,exponential,1204.0,12.12,9.205157541412287,2.914842458587712
2010THOM03,exponential,1205.0,8.22,9.20514735978698,-0.9851473597869802
2010THOM03,exponential,1206.0,7.52,9.205137252787445,-1.6851372527874453
2010THOM03,exponential,1207.0,8.35,9.20512721986671,-0.855127219866711
2010THOM03,exponential,1208.0,8.04,9.205117260481822,-1.1651172604818232
2010THOM03,exponential,1209.0,8.32,9.205107374093801,-0.8851073740938009
2010THOM03,exponential,1210.0,9.72,9.205097560167623,0.5149024398323778
2010THOM03,exponential,1211.0,9.96,9.205087818172178,0.754912181827823
2010THOM03,exponential,1212.0,9.73,9.205078147580254,0.5249218524197463
2010THOM03,exponential,1213.0,7.77,9.205068547868503,-1.4350685478685037
2010THOM03,exponential,1214.0,7.96,9.205059018517412,-1.245059018517412
2010THOM03,exponential,1215.0,8.72,9.205049559011275,-0.48504955901127467
2010THOM03,exponential,1216.0,6.66,9.205040168838167,-2.5450401688381667
2010THOM03,exponential,1217.0,7.44,9.205030847489915,-1.765030847489915
2010THOM03,exponential,1218.0,9.36,9.20502159446207,0.1549784055379302
2010THOM03,exponential,1219.0,10.66,9.205012409253879,1.4549875907461214
2010THOM03,exponential,1220.0,12.11,9.205003291368262,2.904996708631737
2010THOM03,exponential,1221.0,8.77,9.204994240311782,-0.4349942403117826
2010THOM03,exponential,1222.0,12.39,9.204985255594618,3.1850147444053825
2010THOM03,exponential,1223.0,21.22,9.204976336730539,12.01502366326946
2010THOM03,exponential,1224.0,10.0,9.204967483236876,0.7950325167631238
2010THOM03,exponential,1225.0,8.25,9.204958694634499,-0.9549586946344988
2010THOM03,exponential,1226.0,9.31,9.204949970447794,0.10505002955220633
2010THOM03,exponential,1227.0,8.02,9.204941310204624,-1.184941310204625
2010THOM03,exponential,1228.0,9.11,9.204932713436323,-0.09493271343632337
2010THOM03,exponential,1229.0,9.63,9.204924179677652,0.42507582032234836
2010THOM03,exponential,1230.0,8.29,9.204915708466784,-0.9149157084667845
2010THOM03,exponential,1231.0,7.76,9.20490729934528,-1.4449072993452798
2010THOM03,exponential,1232.0,8.02,9.204898951858056,-1.184898951858056
2010THOM03,exponential,1233.0,7.68,9.204890665553368,-1.524890665553368
2010THOM03,exponential,1234.0,7.62,9.204882439982782,-1.584882439982782
2010THOM03,exponential,1235.0,7.65,9.204874274701147,-1.554874274701147
2010THOM03,exponential,1236.0,9.68,9.204866169266582,0.47513383073341764
2010THOM03,exponential,1237.0,8.12,9.20485812324044,-1.0848581232404406
2010THOM03,exponential,1238.0,8.54,9.204850136187286,-0.6648501361872867
2010THOM03,exponential,1239.0,11.34,9.204842207674883,2.135157792325117
2010THOM03,exponential,1240.0,9.0,9.204834337274157,-0.204834337274157
2010THOM03,exponential,1241.0,9.87,9.204826524559184,0.665173475440815
2010THOM03,exponential,1242.0,6.83,9.204818769107156,-2.374818769107156
2010THOM03,exponential,1243.0,9.64,9.20481107049837,0.43518892950163135
2010THOM03,exponential,1244.0,10.15,9.204803428316193,0.9451965716838071
2010THOM03,exponential,1245.0,9.61,9.20479584214705,0.4052041578529497
2010THOM03,exponential,1246.0,10.38,9.204788311580396,1.1752116884196049
2010THOM03,exponential,1247.0,9.32,9.204780836208695,0.11521916379130559
2010THOM03,exponential,1248.0,7.42,9.204773415627397,-1.7847734156273969
2010THOM03,exponential,1249.0,9.3,9.20476604943492,0.09523395056508122
2010THOM03,exponential,1250.0,7.84,9.204758737232622,-1.3647587372326218
2010THOM03,exponential,1251.0,10.02,9.204751478624786,0.8152485213752136
2010THOM03,exponential,1252.0,10.78,9.20474427321859,1.5752557267814087
2010THOM03,exponential,1253.0,8.38,9.2047371206241,-0.8247371206240999
2010THOM03,exponential,1254.0,7.53,9.204730020454233,-1.6747300204542332
2010THOM03,exponential,1255.0,7.38,9.204722972324744,-1.8247229723247438
2010THOM03,exponential,1256.0,7.52,9.204715975854207,-1.684715975854207
2010THOM03,exponential,1257.0,6.35,9.204709030663988,-2.8547090306639884
2010THOM03,exponential,1258.0,9.32,9.204702136378232,0.11529786362176786
2010THOM03,exponential,1259.0,8.27,9.204695292623835,-0.9346952926238359
2010THOM03,exponential,1260.0,7.74,9.204688499030432,-1.4646884990304319
2010THOM03,exponential,1261.0,7.36,9.20468175523037,-1.8446817552303694
2010THOM03,exponential,1262.0,9.72,9.204675060858689,0.5153249391413119
2010THOM03,exponential,1263.0,9.02,9.204668415553108,-0.18466841555310864
2010THOM03,exponential,1264.0,6.21,9.204661818953998,-2.9946618189539977
2010THOM03,exponential,1265.0,6.3,9.204655270704366,-2.9046552707043665
2010THOM03,exponential,1266.0,6.18,9.20464877044984,-3.02464877044984
2010THOM03,exponential,1267.0,10.34,9.204642317838639,1.1353576821613611
2010THOM03,exponential,1268.0,7.75,9.204635912521564,-1.4546359125215638
2010THOM03,exponential,1269.0,8.62,9.204629554151975,-0.5846295541519755
2010THOM03,exponential,1270.0,10.3,9.204623242385773,1.0953767576142273
2010THOM03,exponential,1271.0,8.94,9.204616976881379,-0.26461697688137953
2010THOM03,exponential,1272.0,9.6,9.204610757299722,0.3953892427002774
2010THOM03,exponential,1273.0,9.33,9.204604583304212,0.12539541669578824
2010THOM03,exponential,1274.0,8.77,9.204598454560726,-0.4345984545607262
2010THOM03,exponential,1275.0,8.35,9.204592370737593,-0.8545923707375938
2010THOM03,exponential,1276.0,8.06,9.20458633150557,-1.14458633150557
2010THOM03,exponential,1277.0,9.41,9.204580336537829,0.20541966346217144
2010THOM03,exponential,1278.0,8.18,9.204574385509938,-1.024574385509938
2010THOM03,exponential,1279.0,8.57,9.204568478099839,-0.6345684780998386
2010THOM03,exponential,1280.0,9.08,9.204562613987841,-0.12456261398784108
2010THOM03,exponential,1281.0,9.27,9.20455679285659,0.06544320714341012
2010THOM03,exponential,1282.0,9.87,9.204551014391061,0.6654489856089381
2010THOM03,exponential,1283.0,7.8,9.204545278278538,-1.4045452782785377
2010THOM03,exponential,1284.0,8.59,9.204539584208597,-0.6145395842085968
2010THOM03,exponential,1285.0,8.97,9.204533931873087,-0.23453393187308613
2010THOM03,exponential,1286.0,9.78,9.204528320966118,0.5754716790338819
2010THOM03,exponential,1287.0,9.72,9.204522751184042,0.5154772488159587
2010THOM03,exponential,1288.0,8.79,9.204517222225435,-0.4145172222254363
2010THOM03,exponential,1289.0,7.76,9.204511733791085,-1.444511733791085
2010THOM03,exponential,1290.0,8.91,9.20450628558397,-0.2945062855839691
2010THOM03,exponential,1291.0,9.64,9.204500877309245,0.4354991226907554
2010THOM03,exponential,1292.0,10.21,9.20449550867423,1.0055044913257714
2010THOM03,exponential,1293.0,8.7,9.204490179388385,-0.5044901793883856
2010THOM03,exponential,1294.0,12.1,9.204484889163304,2.895515110836696
2010THOM03,exponential,1295.0,8.89,9.204479637712693,-0.31447963771269194
2010THOM03,exponential,1296.0,7.3,9.204474424752354,-1.9044744247523537
2010THOM03,exponential,1297.0,7.64,9.204469250000175,-1.5644692500001751
2010THOM03,exponential,1298.0,9.52,9.204464113176114,0.315535886823886
2010THOM03,exponential,1299.0,11.66,9.204459014002174,2.4555409859978266
2010THOM03,exponential,1300.0,7.32,9.204453952202401,-1.884453952202401
2010THOM03,exponential,1301.0,10.08,9.204448927502867,0.8755510724971334
2010THOM03,exponential,1302.0,10.86,9.204443939631643,1.6555560603683563
2010THOM03,exponential,1303.0,8.21,9.204438988318799,-0.9944389883187981
2010THOM03,exponential,1304.0,9.96,9.204434073296381,0.7555659267036194
2010THOM03,exponential,1305.0,11.47,9.204429194298402,2.265570805701598
2010THOM03,exponential,1306.0,7.03,9.204424351060823,-2.1744243510608223
2010THOM03,exponential,1307.0,8.68,9.204419543321535,-0.5244195433215353
2010THOM03,exponential,1308.0,8.43,9.20441477082036,-0.7744147708203606
2010THOM03,exponential,1309.0,7.81,9.204410033299018,-1.3944100332990184
2010THOM03,exponential,1310.0,10.66,9.204405330501128,1.455594669498872
2010THOM03,exponential,1311.0,7.92,9.204400662172187,-1.284400662172187
2010THOM03,exponential,1312.0,7.67,9.204396028059554,-1.5343960280595539
2010THOM03,exponential,1313.0,10.98,9.204391427912444,1.775608572087556
2010THOM03,exponential,1314.0,12.53,9.204386861481906,3.3256131385180936
2010THOM03,exponential,1315.0,9.54,9.204382328520818,0.33561767147918076
2010THOM03,exponential,1316.0,9.95,9.204377828783866,0.7456221712161337
2010THOM03,exponential,1317.0,9.64,9.204373362027535,0.43562663797246515
2010THOM03,exponential,1318.0,8.16,9.204368928010098,-1.0443689280100976
2010THOM03,exponential,1319.0,8.24,9.204364526491592,-0.9643645264915914
2010THOM03,exponential,1320.0,9.71,9.20436015723382,0.5056398427661808
2010THOM03,exponential,1321.0,8.06,9.204355820000329,-1.144355820000328
2010THOM03,exponential,1322.0,6.93,9.204351514556397,-2.274351514556397
2010THOM03,exponential,1323.0,10.05,9.204347240669025,0.8456527593309762
2010THOM03,exponential,1324.0,7.16,9.20434299810692,-2.04434299810692
2010THOM03,exponential,1325.0,8.4,9.204338786640484,-0.8043387866404839
2010THOM03,exponential,1326.0,7.25,9.204334606041805,-1.9543346060418045
2010THOM03,exponential,1327.0,6.23,9.204330456084637,-2.974330456084637
2010THOM03,exponential,1328.0,9.52,9.204326336544396,0.31567366345560366
2010THOM03,exponential,1329.0,5.77,9.20432224719814,-3.434322247198141
2010THOM03,exponential,1330.0,8.78,9.204318187824567,-0.42431818782456787
2010THOM03,exponential,1331.0,10.12,9.20431415820399,0.9156858417960088
2010THOM03,exponential,1332.0,7.25,9.20431015811834,-1.9543101581183393
2010THOM03,exponential,1333.0,7.67,9.204306187351138,-1.534306187351138
2010THOM03,exponential,1334.0,7.34,9.204302245687497,-1.8643022456874974
2010THOM03,exponential,1335.0,9.62,9.204298332914105,0.4157016670858944
2010THOM03,exponential,1336.0,9.34,9.20429444881921,0.13570555118078964
2010THOM03,exponential,1337.0,19.18,9.204290593192617,9.975709406807383
2010THOM03,exponential,1338.0,8.9,9.204286765825666,-0.3042867658256654
2010THOM03,exponential,1339.0,8.6,9.204282966511231,-0.6042829665112315
2010THOM03,exponential,1340.0,7.12,9.204279195043704,-2.0842791950437034
2010THOM03,exponential,1341.0,9.34,9.204275451218978,0.13572454878102214
2010THOM03,exponential,1342.0,8.42,9.204271734834448,-0.7842717348344479
2010THOM03,exponential,1343.0,8.98,9.204268045688995,-0.22426804568899428
2010THOM03,exponential,1344.0,9.4,9.204264383582967,0.19573561641703385
2010THOM03,exponential,1345.0,8.75,9.204260748318182,-0.4542607483181822
2010THOM03,exponential,1346.0,9.21,9.20425713969791,0.005742860302090591
2010THOM03,exponential,1347.0,8.24,9.20425355752686,-0.9642535575268596
2010THOM03,exponential,1348.0,10.9,9.204250001611172,1.6957499983888287
2010THOM03,exponential,1349.0,8.5,9.20424647175841,-0.7042464717584096
2010THOM03,exponential,1350.0,9.57,9.204242967777544,0.36575703222245615
2010THOM03,exponential,1351.0,10.34,9.204239489478953,1.135760510521047
2010THOM03,exponential,1352.0,10.92,9.204236036674395,1.715763963325605
2010THOM03,exponential,1353.0,8.28,9.204232609177014,-0.9242326091770146
2010THOM03,exponential,1354.0,6.92,9.204229206801324,-2.2842292068013244
2010THOM03,exponential,1355.0,10.91,9.204225829363194,1.705774170636806
2010THOM03,exponential,1356.0,8.73,9.204222476679845,-0.4742224766798451
2010THOM03,exponential,1357.0,10.12,9.204219148569841,0.9157808514301582
2010THOM03,exponential,1358.0,11.53,9.20421584485307,2.3257841551469287
2010THOM03,exponential,1359.0,10.5,9.204212565350746,1.2957874346492542
2010THOM03,exponential,1360.0,6.78,9.204209309885387,-2.424209309885387
2010THOM03,exponential,1361.0,9.61,9.204206078280816,0.4057939217191837
2010THOM03,exponential,1362.0,8.03,9.204202870362145,-1.174202870362146
2010THOM03,exponential,1363.0,8.85,9.204199685955773,-0.35419968595577345
2010THOM03,exponential,1364.0,9.16,9.204196524889367,-0.044196524889366984
2010THOM03,exponential,1365.0,12.28,9.204193386991854,3.0758066130081456
2010THOM03,exponential,1366.0,7.66,9.204190272093422,-1.544190272093422
2010THOM03,exponential,1367.0,8.26,9.2041871800255,-0.9441871800254997
2010THOM03,exponential,1368.0,10.88,9.20418411062075,1.6758158893792512
2010THOM03,exponential,1369.0,8.55,9.204181063713067,-0.6541810637130663
2010THOM03,exponential,1370.0,8.54,9.204178039137558,-0.6641780391375587
2010THOM03,exponential,1371.0,7.71,9.20417503673054,-1.4941750367305398
2010THOM03,exponential,1372.0,11.41,9.204172056329531,2.205827943670469
2010THOM03,exponential,1373.0,6.79,9.204169097773237,-2.414169097773237
2010THOM03,exponential,1374.0,7.66,9.20416616090155,-1.5441661609015505
2010THOM03,exponential,1375.0,10.25,9.204163245555534,1.0458367544444656
2010THOM03,exponential,1376.0,8.66,9.204160351577418,-0.5441603515774176
2010THOM03,exponential,1377.0,9.72,9.204157478810584,0.5158425211894162
2010THOM03,exponential,1378.0,8.3,9.204154627099566,-0.9041546270995653
2010THOM03,exponential,1379.0,7.42,9.204151796290038,-1.784151796290038
2010THOM03,exponential,1380.0,9.8,9.204148986228802,0.595851013771199
2010THOM03,exponential,1381.0,7.47,9.204146196763785,-1.7341461967637857
2010THOM03,exponential,1382.0,8.71,9.204143427744027,-0.4941434277440262
2010THOM03,exponential,1383.0,8.56,9.204140679019677,-0.6441406790196762
2010THOM03,exponential,1384.0,8.09,9.204137950441979,-1.1141379504419788
2010THOM03,exponential,1385.0,7.05,9.20413524186327,-2.15413524186327
2010THOM03,exponential,1386.0,9.18,9.204132553136967,-0.02413255313696716
2010THOM03,exponential,1387.0,5.73,9.204129884117563,-3.4741298841175627
2010THOM03,exponential,1388.0,7.56,9.20412723466062,-1.64412723466062
2010THOM03,exponential,1389.0,6.45,9.204124604622752,-2.754124604622752
2010THOM03,exponential,1390.0,8.79,9.20412199386163,-0.41412199386163095
2010THOM03,exponential,1391.0,6.44,9.204119402235966,-2.7641194022359654
2010THOM03,exponential,1392.0,7.67,9.204116829605507,-1.534116829605507
2010THOM03,exponential,1393.0,9.93,9.204114275831026,0.7258857241689736
2010THOM03,exponential,1394.0,7.17,9.204111740774323,-2.034111740774323
2010THOM03,exponential,1395.0,7.57,9.204109224298206,-1.6341092242982054
2010THOM03,exponential,1396.0,8.73,9.204106726266488,-0.47410672626648775
2010THOM03,exponential,1397.0,9.15,9.20410424654398,-0.054104246543980494
2010THOM03,exponential,1398.0,9.39,9.20410178499649,0.18589821500351
2010THOM03,exponential,1399.0,8.24,9.204099341490803,-0.9640993414908028
2010THOM03,exponential,1400.0,8.86,9.20409691589468,-0.3440969158946814
2010THOM03,exponential,1401.0,6.32,9.204094508076858,-2.884094508076858
2010THOM03,exponential,1402.0,7.05,9.20409211790703,-2.1540921179070294
2010THOM03,exponential,1403.0,10.16,9.204089745255843,0.9559102547441576
2010THOM03,exponential,1404.0,13.66,9.204087389994898,4.455912610005102
2010THOM03,exponential,1405.0,7.9,9.204085051996733,-1.3040850519967329
2010THOM03,exponential,1406.0,7.99,9.204082731134822,-1.2140827311348215
2010THOM03,exponential,1407.0,11.91,9.204080427283563,2.7059195727164376
2010THOM03,exponential,1408.0,8.61,9.20407814031828,-0.5940781403182811
2010THOM03,exponential,1409.0,8.31,9.20407587011521,-0.8940758701152092
2010THOM03,exponential,1410.0,8.81,9.204073616551488,-0.39407361655148776
2010THOM03,exponential,1411.0,10.6,9.204071379505164,1.3959286204948356
2010THOM03,exponential,1412.0,10.26,9.20406915885517,1.0559308411448303
2010THOM03,exponential,1413.0,9.83,9.204066954481332,0.6259330455186678
2010THOM03,exponential,1414.0,6.86,9.204064766264354,-2.3440647662643537
2010THOM03,exponential,1415.0,7.62,9.204062594085814,-1.5840625940858137
2010THOM03,exponential,1416.0,7.22,9.20406043782816,-1.9840604378281599
2010THOM03,exponential,1417.0,8.88,9.2040582973747,-0.32405829737469993
2010THOM03,exponential,1418.0,8.58,9.204056172609599,-0.624056172609599
2010THOM03,exponential,1419.0,9.41,9.20405406341787,0.20594593658213078
2010THOM03,exponential,1420.0,7.87,9.204051969685366,-1.3340519696853663
2010THOM03,exponential,1421.0,6.89,9.204049891298782,-2.314049891298782
2010THOM03,exponential,1422.0,9.26,9.20404782814564,0.055952171854359634
2010THOM03,exponential,1423.0,8.26,9.204045780114287,-0.944045780114287
2010THOM03,exponential,1424.0,8.86,9.204043747093888,-0.3440437470938882
2010THOM03,exponential,1425.0,9.05,9.204041728974422,-0.1540417289744216
2010THOM03,exponential,1426.0,11.04,9.204039725646671,1.8359602743533276
2010THOM03,exponential,1427.0,7.78,9.204037737002224,-1.424037737002224
2010THOM03,exponential,1428.0,7.88,9.204035762933458,-1.324035762933458
2010THOM03,exponential,1429.0,10.73,9.20403380333354,1.5259661966664613
2010THOM03,exponential,1430.0,11.09,9.204031858096421,1.8859681419035788
2010THOM03,exponential,1431.0,7.57,9.204029927116833,-1.634029927116833
2010THOM03,exponential,1432.0,7.81,9.204028010290273,-1.3940280102902731
2010THOM03,exponential,1433.0,9.18,9.204026107513007,-0.02402610751300749
2010THOM03,exponential,1434.0,7.0,9.204024218682063,-2.204024218682063
2010THOM03,exponential,1435.0,7.7,9.204022343695222,-1.5040223436952216
2010THOM03,exponential,1436.0,9.2,9.204020482451012,-0.004020482451013052
2010THOM03,exponential,1437.0,9.08,9.20401863484871,-0.12401863484871001
2010THOM03,exponential,1438.0,10.56,9.204016800788327,1.355983199211673
2010THOM03,exponential,1439.0,8.74,9.204014980170607,-0.4640149801706066
2010THOM03,exponential,1440.0,7.95,9.204013172897023,-1.2540131728970225
2010THOM03,exponential,1441.0,10.64,9.20401137886977,1.43598862113023
2010THOM03,exponential,1442.0,7.74,9.204009597991762,-1.4640095979917618
2010THOM03,exponential,1443.0,7.58,9.204007830166619,-1.6240078301666188
2010THOM03,exponential,1444.0,7.94,9.20400607529867,-1.2640060752986697
2010THOM03,exponential,1445.0,8.77,9.20400433329295,-0.4340043332929504
2010THOM03,exponential,1446.0,6.89,9.204002604055182,-2.314002604055182
2010THOM03,exponential,1447.0,9.09,9.204000887491784,-0.11400088749178394
2010THOM03,exponential,1448.0,9.17,9.203999183509863,-0.033999183509862974
2010THOM03,exponential,1449.0,8.35,9.2039974920172,-0.8539974920172
2010THOM03,exponential,1450.0,7.85,9.203995812922258,-1.3539958129222587
2010THOM03,exponential,1451.0,10.51,9.203994146134168,1.3060058538658321
2010THOM03,exponential,1452.0,8.77,9.203992491562726,-0.43399249156272646
2010THOM03,exponential,1453.0,7.43,9.203990849118393,-1.7739908491183929
2010THOM03,exponential,1454.0,8.08,9.20398921871228,-1.1239892187122802
2010THOM03,exponential,1455.0,7.94,9.20398760025616,-1.2639876002561587
2010THOM03,exponential,1456.0,11.6,9.203985993662439,2.396014006337561
2010THOM03,exponential,1457.0,9.61,9.203984398844176,0.4060156011558238
2010THOM03,exponential,1458.0,11.18,9.203982815715062,1.976017184284938
2010THOM03,exponential,1459.0,8.82,9.203981244189423,-0.3839812441894228
2010THOM03,exponential,1460.0,7.52,9.20397968418221,-1.6839796841822103
2010THOM03,exponential,1461.0,11.28,9.203978135609,2.0760218643909987
2010THOM03,exponential,1462.0,8.14,9.20397659838599,-1.06397659838599
2010THOM03,exponential,1463.0,9.35,9.203975072429987,0.1460249275700125
2010THOM03,exponential,1464.0,8.69,9.203973557658411,-0.5139735576584119
2010THOM03,exponential,1465.0,10.33,9.203972053989286,1.1260279460107139
2010THOM03,exponential,1466.0,9.38,9.203970561341237,0.1760294386587642
2010THOM03,exponential,1467.0,12.63,9.203969079633483,3.426030920366518
2010THOM03,exponential,1468.0,12.0,9.203967608785842,2.7960323912141583
2010THOM03,exponential,1469.0,8.34,9.203966148718713,-0.8639661487187134
2010THOM03,exponential,1470.0,8.48,9.203964699353081,-0.7239646993530808
2010THOM03,exponential,1471.0,12.94,9.203963260610509,3.7360367393894904
2010THOM03,exponential,1472.0,7.65,9.203961832413137,-1.5539618324131368
2010THOM03,exponential,1473.0,8.72,9.203960414683674,-0.4839604146836738
2010THOM03,exponential,1474.0,10.96,9.203959007345398,1.7560409926546026
2010THOM03,exponential,1475.0,10.43,9.203957610322142,1.2260423896778576
2010THOM03,exponential,1476.0,9.14,9.203956223538308,-0.0639562235383071
2010THOM03,exponential,1477.0,10.61,9.203954846918844,1.4060451530811555
2010THOM03,exponential,1478.0,9.33,9.20395348038925,0.12604651961074964
2010THOM03,exponential,1479.0,8.28,9.203952123875574,-0.9239521238755746
2010THOM03,exponential,1480.0,8.29,9.203950777304405,-0.9139507773044055
2010THOM03,exponential,1481.0,10.34,9.20394944060287,1.1360505593971304
2010THOM03,exponential,1482.0,9.76,9.203948113698628,0.5560518863013719
2010THOM03,exponential,1483.0,9.84,9.203946796519872,0.6360532034801274
2010THOM03,exponential,1484.0,7.79,9.20394548899532,-1.4139454889953198
2010THOM03,exponential,1485.0,9.87,9.203944191054209,0.6660558089457904
2010THOM03,exponential,1486.0,7.95,9.2039429026263,-1.2539429026263003
2010THOM03,exponential,1487.0,8.08,9.203941623641867,-1.1239416236418673
2010THOM03,exponential,1488.0,10.48,9.203940354031694,1.2760596459683065
2010THOM03,exponential,1489.0,9.19,9.20393909372707,-0.013939093727071139
2010THOM03,exponential,1490.0,8.31,9.203937842659794,-0.8939378426597937
2010THOM03,exponential,1491.0,11.2,9.20393660076216,1.9960633992378387
2010THOM03,exponential,1492.0,8.56,9.20393536796696,-0.643935367966959
2010THOM03,exponential,1493.0,8.45,9.203934144207476,-0.7539341442074772
2010THOM03,exponential,1494.0,7.27,9.203932929417483,-1.9339329294174838
2010THOM03,exponential,1495.0,6.93,9.20393172353124,-2.2739317235312395
2010THOM03,exponential,1496.0,9.62,9.203930526483486,0.41606947351651336
2010THOM03,exponential,1497.0,9.4,9.20392933820944,0.19607066179056076
2010THOM03,exponential,1498.0,10.03,9.203928158644796,0.8260718413552031
2010THOM03,exponential,1499.0,8.66,9.203926987725717,-0.5439269877257171
2010THOM03,exponential,1500.0,8.8,9.20392582538884,-0.40392582538883914
2010THOM03,exponential,1501.0,8.8,9.203924671571258,-0.4039246715712572
2010THOM03,exponential,1502.0,11.61,9.203923526210529,2.4060764737894704
2010THOM03,exponential,1503.0,7.84,9.203922389244672,-1.3639223892446726
2010THOM03,exponential,1504.0,13.87,9.203921260612155,4.666078739387844
2010THOM03,exponential,1505.0,8.02,9.2039201402519,-1.1839201402519013
2010THOM03,exponential,1506.0,8.95,9.203919028103277,-0.2539190281032777
2010THOM03,exponential,1507.0,10.2,9.203917924106097,0.9960820758939022
2010THOM03,exponential,1508.0,7.6,9.203916828200615,-1.6039168282006155
2010THOM03,exponential,1509.0,9.49,9.203915740327522,0.28608425967247797
2010THOM03,exponential,1510.0,10.25,9.203914660427948,1.046085339572052
2010THOM03,exponential,1511.0,6.98,9.203913588443449,-2.223913588443448
2010THOM03,exponential,1512.0,9.25,9.203912524316014,0.04608747568398641
2010THOM03,exponential,1513.0,10.73,9.203911467988052,1.5260885320119488
2010THOM03,exponential,1514.0,8.17,9.2039104194024,-1.0339104194023996
2010THOM03,exponential,1515.0,10.36,9.203909378502308,1.1560906214976914
2010THOM03,exponential,1516.0,10.9,9.203908345231449,1.6960916547685514
2010THOM03,exponential,1517.0,7.82,9.2039073195339,-1.3839073195339004
2010THOM03,exponential,1518.0,10.27,9.203906301354158,1.066093698645842
2010THOM03,exponential,1519.0,8.11,9.203905290637119,-1.0939052906371192
2010THOM03,exponential,1520.0,8.81,9.203904287328085,-0.393904287328084
2010THOM03,exponential,1521.0,7.4,9.20390329137276,-1.8039032913727588
2010THOM03,exponential,1522.0,9.01,9.203902302717244,-0.19390230271724462
2010THOM03,exponential,1523.0,10.42,9.203901321308036,1.2160986786919636
2010THOM03,exponential,1524.0,6.26,9.203900347092022,-2.943900347092022
2010THOM03,exponential,1525.0,8.66,9.203899380016482,-0.543899380016482
2010THOM03,exponential,1526.0,5.57,9.203898420029077,-3.6338984200290767
2010THOM03,exponential,1527.0,7.13,9.203897467077859,-2.0738974670778587
2010THOM03,exponential,1528.0,7.79,9.203896521111254,-1.413896521111254
2010THOM03,exponential,1529.0,7.06,9.203895582078069,-2.143895582078069
2010THOM03,exponential,1530.0,8.97,9.203894649927486,-0.23389464992748543
2010THOM03,exponential,1531.0,9.06,9.20389372460906,-0.14389372460905925
2010THOM03,exponential,1532.0,9.08,9.203892806072712,-0.12389280607271225
2010THOM03,exponential,1533.0,7.47,9.203891894268736,-1.7338918942687362
2010THOM03,exponential,1534.0,8.91,9.203890989147787,-0.293890989147787
2010THOM03,exponential,1535.0,11.22,9.203890090660883,2.016109909339118
2010THOM03,exponential,1536.0,11.07,9.203889198759397,1.8661108012406036
2010THOM03,exponential,1537.0,9.43,9.203888313395064,0.22611168660493597
2010THOM03,exponential,1538.0,10.12,9.203887434519968,0.9161125654800308
2010THOM03,exponential,1539.0,8.06,9.20388656208655,-1.14388656208655
2010THOM03,exponential,1540.0,9.46,9.203885696047593,0.2561143039524083
2010THOM03,exponential,1541.0,10.44,9.20388483635623,1.2361151636437704
2010THOM03,exponential,1542.0,9.3,9.203883982965936,0.09611601703406514
2010THOM03,exponential,1543.0,9.4,9.203883135830528,0.19611686416947194
2010THOM03,exponential,1544.0,9.79,9.203882294904162,0.5861177050958375
2010THOM03,exponential,1545.0,9.56,9.203881460141329,0.3561185398586719
2010THOM03,exponential,1546.0,10.12,9.203880631496851,0.9161193685031481
2010THOM03,exponential,1547.0,8.4,9.203879808925887,-0.8038798089258865
2010THOM03,exponential,1548.0,12.31,9.20387899238392,3.10612100761608
2010THOM03,exponential,1549.0,7.34,9.203878181826761,-1.8638781818267613
2010THOM03,exponential,1550.0,9.7,9.203877377210546,0.4961226227894535
2010THOM03,exponential,1551.0,9.05,9.203876578491728,-0.15387657849172776
2010THOM03,exponential,1552.0,8.7,9.203875785627083,-0.5038757856270841
2010THOM03,exponential,1553.0,9.6,9.203874998573706,0.39612500142629337
2010THOM03,exponential,1554.0,7.63,9.203874217289002,-1.573874217289002
2010THOM03,exponential,1555.0,7.32,9.203873441730689,-1.8838734417306888
2010THOM03,exponential,1556.0,9.73,9.203872671856795,0.5261273281432057
2010THOM03,exponential,1557.0,9.62,9.203871907625658,0.41612809237434156
2010THOM03,exponential,1558.0,9.93,9.203871148995919,0.7261288510040806
2010THOM03,exponential,1559.0,7.67,9.203870395926524,-1.5338703959265239
2010THOM03,exponential,1560.0,7.88,9.203869648376717,-1.323869648376717
2010THOM03,exponential,1561.0,10.5,9.203868906306042,1.2961310936939583
2010THOM03,exponential,1562.0,12.16,9.203868169674342,2.956131830325658
2010THOM03,exponential,1563.0,8.9,9.20386743844175,-0.303867438441749
2010THOM03,exponential,1564.0,10.29,9.203866712568695,1.0861332874313039
2010THOM03,exponential,1565.0,11.31,9.203865992015896,2.106134007984105
2010THOM03,exponential,1566.0,10.24,9.203865276744354,1.0361347232556462
2010THOM03,exponential,1567.0,9.18,9.203864566715366,-0.023864566715365854
2010THOM03,exponential,1568.0,7.36,9.2038638618905,-1.8438638618905
2010THOM03,exponential,1569.0,9.26,9.20386316223162,0.05613683776837952
2010THOM03,exponential,1570.0,11.13,9.203862467700857,1.926137532299144
2010THOM03,exponential,1571.0,11.3,9.203861778260626,2.096138221739375
2010THOM03,exponential,1572.0,11.89,9.203861093873618,2.6861389061263825
2010THOM03,exponential,1573.0,6.93,9.203860414502792,-2.273860414502792
2010THOM03,exponential,1574.0,10.41,9.203859740111385,1.206140259888615
2010THOM03,exponential,1575.0,8.63,9.2038590706629,-0.5738590706629001
2010THOM03,exponential,1576.0,9.45,9.203858406121109,0.24614159387889067
2010THOM03,exponential,1577.0,8.39,9.203857746450046,-0.8138577464500454
2010THOM03,exponential,1578.0,6.93,9.203857091614013,-2.2738570916140137
2010THOM03,exponential,1579.0,8.78,9.203856441577571,-0.42385644157757163
2010THOM03,exponential,1580.0,7.42,9.203855796305543,-1.7838557963055433
2010THOM03,exponential,1581.0,12.32,9.203855155763007,3.1161448442369934
2010THOM03,exponential,1582.0,12.07,9.2038545199153,2.8661454800847004
2010THOM03,exponential,1583.0,10.89,9.203853888728009,1.6861461112719915
2010THOM03,exponential,1584.0,10.32,9.203853262166978,1.1161467378330219
2010THOM03,exponential,1585.0,9.71,9.203852640198297,0.5061473598017034
2010THOM03,exponential,1586.0,9.31,9.20385202278831,0.10614797721169111
2010THOM03,exponential,1587.0,6.82,9.2038514099036,-2.383851409903599
2010THOM03,exponential,1588.0,8.64,9.203850801511003,-0.563850801511002
2010THOM03,exponential,1589.0,11.02,9.20385019757759,1.8161498024224088
2010THOM03,exponential,1590.0,9.1,9.203849598070681,-0.10384959807068128
2010THOM03,exponential,1591.0,8.25,9.203849002957833,-0.953849002957833
2010THOM03,exponential,1592.0,6.87,9.203848412206836,-2.3338484122068364
2010THOM03,exponential,1593.0,8.23,9.203847825785722,-0.9738478257857217
2010THOM03,exponential,1594.0,8.78,9.203847243662757,-0.42384724366275783
2010THOM03,exponential,1595.0,8.57,9.203846665806436,-0.6338466658064359
2010THOM03,exponential,1596.0,8.8,9.203846092185486,-0.4038460921854856
2010THOM03,exponential,1597.0,9.28,9.203845522768866,0.07615447723113355
2010THOM03,exponential,1598.0,9.37,9.20384495752576,0.16615504247423907
2010THOM03,exponential,1599.0,6.95,9.203844396425577,-2.2538443964255768
2010THOM03,exponential,1600.0,12.85,9.203843839437955,3.646156160562045
2010THOM03,exponential,1601.0,9.77,9.203843286532747,0.5661567134672527
2010THOM03,exponential,1602.0,9.18,9.203842737680032,-0.023842737680032755
2010THOM03,exponential,1603.0,7.77,9.20384219285011,-1.4338421928501113
2010THOM03,exponential,1604.0,7.5,9.203841652013496,-1.7038416520134962
2010THOM03,exponential,1605.0,7.2,9.20384111514092,-2.0038411151409194
2010THOM03,exponential,1606.0,9.23,9.203840582203325,0.0261594177966753
2010THOM03,exponential,1607.0,10.86,9.203840053171874,1.6561599468281258
2010THOM03,exponential,1608.0,7.43,9.203839528017935,-1.7738395280179358
2010THOM03,exponential,1609.0,9.72,9.203839006713089,0.5161609932869116
2010THOM03,exponential,1610.0,8.49,9.203838489229122,-0.7138384892291221
2010THOM03,exponential,1611.0,10.02,9.203837975538033,0.816162024461967
2010THOM03,exponential,1612.0,12.06,9.203837465612018,2.856162534387982
2010THOM03,exponential,1613.0,7.97,9.203836959423484,-1.233836959423484
2010THOM03,exponential,1614.0,9.83,9.203836456945037,0.6261635430549628
2010THOM03,exponential,1615.0,7.15,9.203835958149481,-2.053835958149481
2010THOM03,exponential,1616.0,9.97,9.203835463009828,0.7661645369901731
2010THOM03,exponential,1617.0,7.01,9.203834971499276,-2.1938349714992764
2010THOM03,exponential,1618.0,8.32,9.203834483591232,-0.8838344835912313
2010THOM03,exponential,1619.0,9.64,9.203833999259285,0.436166000740716
2010THOM03,exponential,1620.0,7.53,9.203833518477229,-1.6738335184772284
2010THOM03,exponential,1621.0,10.09,9.203833041219044,0.8861669587809562
2010THOM03,exponential,1622.0,8.46,9.2038325674589,-0.7438325674588988
2010THOM03,exponential,1623.0,6.69,9.203832097171162,-2.5138320971711616
2010THOM03,exponential,1624.0,10.16,9.203831630330376,0.9561683696696246
2010THOM03,exponential,1625.0,8.2,9.203831166911279,-1.0038311669112794
2010THOM03,exponential,1626.0,9.4,9.203830706888791,0.19616929311120934
2010THOM03,exponential,1627.0,9.14,9.203830250238017,-0.06383025023801636
2010THOM03,exponential,1628.0,8.46,9.203829796934246,-0.7438297969342447
2010THOM03,exponential,1629.0,7.71,9.203829346952944,-1.4938293469529436
2010THOM03,exponential,1630.0,7.77,9.203828900269759,-1.4338289002697593
2010THOM03,exponential,1631.0,7.78,9.203828456860519,-1.4238284568605186
2010THOM03,exponential,1632.0,10.45,9.203828016701229,1.2461719832987708
2010THOM03,exponential,1633.0,8.73,9.203827579768065,-0.47382757976806467
2010THOM03,exponential,1634.0,8.84,9.203827146037383,-0.36382714603738364
2010THOM03,exponential,1635.0,9.81,9.203826715485711,0.6061732845142895
2010THOM03,exponential,1636.0,14.06,9.203826288089749,4.856173711910252
2010THOM03,exponential,1637.0,10.79,9.203825863826367,1.5861741361736321
2010THOM03,exponential,1638.0,7.65,9.203825442672603,-1.5538254426726024
2010THOM03,exponential,1639.0,9.12,9.203825024605669,-0.08382502460566954
2010THOM03,exponential,1640.0,7.88,9.203824609602936,-1.3238246096029362
2010THOM03,exponential,1641.0,8.43,9.203824197641948,-0.7738241976419484
2010THOM03,exponential,1642.0,10.69,9.203823788700408,1.4861762112995915
2010THOM03,exponential,1643.0,7.95,9.20382338275619,-1.253823382756189
2010THOM03,exponential,1644.0,8.44,9.203822979787319,-0.7638229797873191
2010THOM03,exponential,1645.0,7.48,9.203822579771991,-1.7238225797719906
2010THOM03,exponential,1646.0,7.49,9.203822182688558,-1.713822182688558
2010THOM03,exponential,1647.0,10.41,9.203821788515532,1.2061782114844686
2010THOM03,exponential,1648.0,8.99,9.203821397231577,-0.21382139723157678
2010THOM03,exponential,1649.0,8.87,9.203821008815522,-0.3338210088155229
2010THOM03,exponential,1650.0,8.45,9.203820623246346,-0.7538206232463462
2010THOM03,exponential,1651.0,10.19,9.20382024050318,0.9861797594968191
2010THOM03,exponential,1652.0,10.21,9.203819860565313,1.0061801394346883
2010THOM03,exponential,1653.0,6.48,9.203819483412184,-2.723819483412184
2010THOM03,exponential,1654.0,9.19,9.203819109023383,-0.013819109023383902
2010THOM03,exponential,1655.0,6.99,9.203818737378647,-2.213818737378647
2010THOM03,exponential,1656.0,12.09,9.203818368457865,2.8861816315421347
2010THOM03,exponential,1657.0,8.63,9.203818002241071,-0.5738180022410706
2010THOM03,exponential,1658.0,8.94,9.203817638708449,-0.2638176387084492
2010THOM03,exponential,1659.0,9.44,9.20381727784032,0.23618272215967906
2010THOM03,exponential,1660.0,8.4,9.203816919617159,-0.8038169196171587
2010THOM03,exponential,1661.0,8.4,9.20381656401958,-0.8038165640195789
2010THOM03,exponential,1662.0,8.29,9.203816211028336,-0.9138162110283368
2010THOM03,exponential,1663.0,11.75,9.203815860624326,2.546184139375674
2010THOM03,exponential,1664.0,12.84,9.203815512788587,3.6361844872114126
2010THOM03,exponential,1665.0,7.7,9.203815167502293,-1.5038151675022933
2010THOM03,exponential,1666.0,6.95,9.203814824746761,-2.253814824746761
2010THOM03,exponential,1667.0,9.39,9.203814484503441,0.18618551549655926
2010THOM03,exponential,1668.0,12.3,9.203814146753919,3.096185853246082
2010THOM03,exponential,1669.0,7.84,9.203813811479916,-1.3638138114799165
2010THOM03,exponential,1670.0,7.62,9.203813478663289,-1.5838134786632887
2010THOM03,exponential,1671.0,8.3,9.203813148286027,-0.9038131482860265
2010THOM03,exponential,1672.0,7.86,9.203812820330251,-1.3438128203302506
2010THOM03,exponential,1673.0,8.19,9.20381249477821,-1.013812494778211
2010THOM03,exponential,1674.0,8.83,9.203812171612292,-0.3738121716122915
2010THOM03,exponential,1675.0,9.31,9.203811850815,0.10618814918499986
2010THOM03,exponential,1676.0,8.82,9.20381153236898,-0.3838115323689806
2010THOM03,exponential,1677.0,8.73,9.203811216256996,-0.47381121625699585
2010THOM03,exponential,1678.0,8.65,9.20381090246194,-0.5538109024619402
2010THOM03,exponential,1679.0,7.32,9.203810590966832,-1.8838105909668315
2010THOM03,exponential,1680.0,8.86,9.203810281754812,-0.34381028175481276
2010THOM03,exponential,1681.0,10.41,9.203809974809147,1.2061900251908533
2010THOM03,exponential,1682.0,10.46,9.203809670113229,1.2561903298867723
2010THOM03,exponential,1683.0,8.46,9.203809367650564,-0.743809367650563
2010THOM03,exponential,1684.0,10.93,9.203809067404787,1.7261909325952125
2010THOM03,exponential,1685.0,12.19,9.203808769359648,2.986191230640351
2010THOM03,exponential,1686.0,7.59,9.203808473499016,-1.6138084734990166
2010THOM03,exponential,1687.0,9.35,9.203808179806883,0.14619182019311694
2010THOM03,exponential,1688.0,9.4,9.203807888267354,0.19619211173264617
2010THOM03,exponential,1689.0,9.65,9.20380759886465,0.44619240113535064
2010THOM03,exponential,1690.0,8.01,9.203807311583109,-1.1938073115831092
2010THOM03,exponential,1691.0,7.75,9.203807026407187,-1.453807026407187
2010THOM03,exponential,1692.0,16.04,9.203806743321449,6.83619325667855
2010THOM03,exponential,1693.0,8.09,9.203806462310574,-1.1138064623105741
2010THOM03,exponential,1694.0,9.82,9.203806183359358,0.6161938166406422
2010THOM03,exponential,1695.0,10.36,9.2038059064527,1.156194093547299
2010THOM03,exponential,1696.0,9.96,9.20380563157562,0.7561943684243815
2010THOM03,exponential,1697.0,10.97,9.203805358713236,1.7661946412867646
2010THOM03,exponential,1698.0,10.14,9.203805087850785,0.9361949121492152
2010THOM03,exponential,1699.0,11.23,9.20380481897361,2.02619518102639
2010THOM03,exponential,1700.0,7.16,9.203804552067158,-2.043804552067158
2010THOM03,exponential,1701.0,9.75,9.203804287116984,0.5461957128830157
2010THOM03,exponential,1702.0,8.51,9.203804024108752,-0.6938040241087524
2010THOM03,exponential,1703.0,9.62,9.203803763028226,0.4161962369717731
2010THOM03,exponential,1704.0,8.78,9.203803503861279,-0.4238035038612793
2010THOM03,exponential,1705.0,7.67,9.203803246593884,-1.5338032465938838
2010THOM03,exponential,1706.0,9.28,9.203802991212118,0.07619700878788116
2010THOM03,exponential,1707.0,7.17,9.203802737702162,-2.033802737702162
2010THOM03,exponential,1708.0,9.68,9.203802486050296,0.4761975139497032
2010THOM03,exponential,1709.0,12.02,9.203802236242902,2.8161977637570974
2010THOM03,exponential,1710.0,10.21,9.20380198826646,1.0061980117335416
2010THOM03,exponential,1711.0,11.5,9.203801742107549,2.296198257892451
2010THOM03,exponential,1712.0,7.16,9.203801497752849,-2.043801497752849
2010THOM03,exponential,1713.0,8.0,9.203801255189136,-1.203801255189136
2010THOM03,exponential,1714.0,8.54,9.203801014403284,-0.6638010144032851
2010THOM03,exponential,1715.0,10.91,9.20380077538226,1.7061992246177393
2010THOM03,exponential,1716.0,9.23,9.20380053811313,0.026199461886870168
2010THOM03,exponential,1717.0,9.96,9.203800302583055,0.756199697416946
2010THOM03,exponential,1718.0,8.59,9.203800068779286,-0.6138000687792857
2010THOM03,exponential,1719.0,10.01,9.203799836689171,0.8062001633108284
2010THOM03,exponential,1720.0,7.82,9.203799606300151,-1.3837996063001512
2010THOM03,exponential,1721.0,11.02,9.203799377599756,1.8162006224002436
2010THOM03,exponential,1722.0,9.04,9.20379915057561,-0.16379915057561156
2010THOM03,exponential,1723.0,8.18,9.20379892521543,-1.0237989252154307
2010THOM03,exponential,1724.0,7.96,9.203798701507015,-1.243798701507015
2010THOM03,exponential,1725.0,12.05,9.203798479438262,2.8462015205617384
2010THOM03,exponential,1726.0,7.86,9.203798258997152,-1.3437982589971513
2010THOM03,exponential,1727.0,9.02,9.203798040171755,-0.18379804017175516
2010THOM03,exponential,1728.0,8.26,9.203797822950229,-0.9437978229502288
2010THOM03,exponential,1729.0,11.11,9.203797607320817,1.906202392679182
2010THOM03,exponential,1730.0,9.03,9.203797393271854,-0.17379739327185462
2010THOM03,exponential,1731.0,8.62,9.203797180791751,-0.5837971807917519
2010THOM03,exponential,1732.0,8.68,9.203796969869012,-0.5237969698690126
2010THOM03,exponential,1733.0,9.91,9.203796760492223,0.7062032395077775
2010THOM03,exponential,1734.0,6.41,9.20379655265005,-2.7937965526500506
2010THOM03,exponential,1735.0,8.54,9.203796346331249,-0.6637963463312495
2010THOM03,exponential,1736.0,8.81,9.203796141524652,-0.3937961415246516
2010THOM03,exponential,1737.0,14.74,9.203795938219175,5.5362040617808255
2010THOM03,exponential,1738.0,10.37,9.203795736403816,1.1662042635961836
2010THOM03,exponential,1739.0,7.38,9.203795536067656,-1.8237955360676557
2010THOM03,exponential,1740.0,7.36,9.203795337199848,-1.8437953371998477
2010THOM03,exponential,1741.0,8.3,9.203795139789634,-0.9037951397896329
2010THOM03,exponential,1742.0,8.98,9.20379494382633,-0.22379494382632892
2010THOM03,exponential,1743.0,8.67,9.20379474929933,-0.5337947492993305
2010THOM03,exponential,1744.0,7.6,9.203794556198106,-1.6037945561981068
2010THOM03,exponential,1745.0,9.72,9.20379436451221,0.5162056354877915
2010THOM03,exponential,1746.0,9.69,9.203794174231266,0.4862058257687334
2010THOM03,exponential,1747.0,10.33,9.20379398534498,1.1262060146550201
2010THOM03,exponential,1748.0,9.51,9.203793797843126,0.3062062021568739
2010THOM03,exponential,1749.0,8.13,9.203793611715557,-1.0737936117155567
2010THOM03,exponential,1750.0,8.59,9.203793426952204,-0.6137934269522045
2010THOM03,exponential,1751.0,9.7,9.203793243543066,0.49620675645693346
2010THOM03,exponential,1752.0,6.59,9.203793061478216,-2.6137930614782157
2010THOM03,exponential,1753.0,9.89,9.203792880747802,0.6862071192521988
2010THOM03,exponential,1754.0,9.27,9.203792701342044,0.0662072986579556
2010THOM03,exponential,1755.0,8.7,9.203792523251233,-0.5037925232512332
2010THOM03,exponential,1756.0,7.85,9.203792346465729,-1.3537923464657293
2010THOM03,exponential,1757.0,9.68,9.203792170975968,0.47620782902403214
2010THOM03,exponential,1758.0,8.11,9.203791996772452,-1.0937919967724525
2010THOM03,exponential,1759.0,14.08,9.203791823845751,4.876208176154249
2010THOM03,exponential,1760.0,7.78,9.20379165218651,-1.4237916521865097
2010THOM03,exponential,1761.0,7.93,9.203791481785437,-1.2737914817854374
2010THOM03,exponential,1762.0,12.42,9.203791312633312,3.216208687366688
2010THOM03,exponential,1763.0,8.77,9.203791144720979,-0.43379114472097946
2010THOM03,exponential,1764.0,10.84,9.203790978039352,1.6362090219606475
2010THOM03,exponential,1765.0,9.66,9.20379081257941,0.45620918742059047
2010THOM03,exponential,1766.0,8.81,9.2037906483322,-0.39379064833219957
2010THOM03,exponential,1767.0,14.06,9.203790485288833,4.856209514711168
2010THOM03,exponential,1768.0,8.0,9.203790323440485,-1.2037903234404848
2010THOM03,exponential,1769.0,9.18,9.203790162778397,-0.02379016277839696
2010THOM03,exponential,1770.0,8.8,9.203790003293875,-0.4037900032938744
2010THOM03,exponential,1771.0,13.05,9.203789844978287,3.846210155021714
2010THOM03,exponential,1772.0,9.09,9.203789687823067,-0.11378968782306664
2010THOM03,exponential,1773.0,8.05,9.203789531819707,-1.1537895318197062
2010THOM03,exponential,1774.0,8.98,9.203789376959769,-0.2237893769597683
2010THOM03,exponential,1775.0,7.76,9.20378922323487,-1.4437892232348695
2010THOM03,exponential,1776.0,7.8,9.20378907063669,-1.40378907063669
2010THOM03,exponential,1777.0,8.59,9.20378891915697,-0.6137889191569705
2010THOM03,exponential,1778.0,8.51,9.203788768787517,-0.6937887687875168
2010THOM03,exponential,1779.0,9.88,9.203788619520187,0.6762113804798133
2010THOM03,exponential,1780.0,7.9,9.203788471346908,-1.3037884713469072
2010THOM03,exponential,1781.0,7.63,9.203788324259657,-1.5737883242596569
2010THOM03,exponential,1782.0,9.19,9.203788178250477,-0.0137881782504774
2010THOM03,exponential,1783.0,8.33,9.203788033311463,-0.8737880333114632
2010THOM03,exponential,1784.0,10.51,9.203787889434773,1.3062121105652267
2010THOM03,exponential,1785.0,11.98,9.203787746612623,2.776212253387378
2010THOM03,exponential,1786.0,8.78,9.203787604837279,-0.42378760483727973
2010THOM03,exponential,1787.0,8.72,9.203787464101072,-0.48378746410107176
2010THOM03,exponential,1788.0,7.96,9.203787324396385,-1.2437873243963855
2010THOM03,exponential,1789.0,7.43,9.203787185715656,-1.7737871857156566
2010THOM03,exponential,1790.0,12.06,9.203787048051383,2.856212951948617
2010THOM03,exponential,1791.0,9.18,9.203786911396113,-0.023786911396113553
2010THOM03,exponential,1792.0,7.7,9.203786775742453,-1.5037867757424523
2010THOM03,exponential,1793.0,10.97,9.20378664108306,1.766213358916941
2010THOM03,exponential,1794.0,8.27,9.203786507410646,-0.9337865074106464
2010THOM03,exponential,1795.0,8.08,9.203786374717978,-1.1237863747179784
2010THOM03,exponential,1796.0,8.63,9.203786242997877,-0.5737862429978762
2010THOM03,exponential,1797.0,9.52,9.203786112243211,0.3162138877567884
2010THOM03,exponential,1798.0,9.95,9.203785982446906,0.7462140175530934
2010THOM03,exponential,1799.0,10.18,9.203785853601937,0.9762141463980623
2010THOM03,exponential,1800.0,10.62,9.203785725701332,1.4162142742986674
2010THOM03,exponential,1801.0,10.13,9.203785598738168,0.9262144012618325
2010THOM03,exponential,1802.0,10.35,9.203785472705574,1.1462145272944255
2010THOM03,exponential,1803.0,8.38,9.203785347596732,-0.8237853475967309
2010THOM03,exponential,1804.0,8.78,9.20378522340487,-0.42378522340487024
2010THOM03,exponential,1805.0,8.17,9.203785100123266,-1.033785100123266
2010THOM03,exponential,1806.0,8.97,9.203784977745249,-0.2337849777452483
2010THOM03,exponential,1807.0,22.07,9.203784856264196,12.866215143735804
2010THOM03,exponential,1808.0,11.13,9.203784735673532,1.9262152643264692
2010THOM03,exponential,1809.0,8.19,9.203784615966734,-1.0137846159667347
2010THOM03,exponential,1810.0,9.63,9.20378449713732,0.4262155028626804
2010THOM03,exponential,1811.0,8.81,9.203784379178861,-0.3937843791788609
2010THOM03,exponential,1812.0,9.75,9.203784262084975,0.5462157379150252
2010THOM03,exponential,1813.0,12.29,9.20378414584932,3.0862158541506783
2010THOM03,exponential,1814.0,10.39,9.203784030465613,1.1862159695343877
2010THOM03,exponential,1815.0,14.73,9.203783915927604,5.526216084072397
2010THOM03,exponential,1816.0,8.47,9.203783802229095,-0.7337838022290946
2010THOM03,exponential,1817.0,12.06,9.203783689363936,2.8562163106360643
2010THOM03,exponential,1818.0,10.15,9.203783577326016,0.9462164226739844
2010THOM03,exponential,1819.0,10.33,9.203783466109273,1.1262165338907266
2010THOM03,exponential,1820.0,10.95,9.20378335570769,1.7462166442923088
2010THOM03,exponential,1821.0,10.02,9.20378324611529,0.81621675388471
2010THOM03,exponential,1822.0,9.88,9.203783137326141,0.6762168626738596
2010THOM03,exponential,1823.0,9.33,9.203783029334359,0.12621697066564153
2010THOM03,exponential,1824.0,11.31,9.203782922134096,2.106217077865905
2010THOM03,exponential,1825.0,9.78,9.203782815719553,0.5762171842804467
2010THOM03,exponential,1826.0,11.29,9.20378271008497,2.0862172899150284
2010THOM03,exponential,1827.0,8.13,9.203782605224633,-1.0737826052246326
2010THOM03,exponential,1828.0,8.17,9.203782501132865,-1.0337825011328654
2010THOM03,exponential,1829.0,10.92,9.203782397804032,1.716217602195968
2010THOM03,exponential,1830.0,7.48,9.203782295232543,-1.7237822952325423
2010THOM03,exponential,1831.0,11.53,9.203782193412847,2.3262178065871524
2010THOM03,exponential,1832.0,9.79,9.203782092339434,0.5862179076605649
2010THOM03,exponential,1833.0,10.55,9.203781992006835,1.3462180079931656
2010THOM03,exponential,1834.0,8.38,9.20378189240962,-0.8237818924096185
2010THOM03,exponential,1835.0,9.43,9.203781793542397,0.22621820645760238
2010THOM03,exponential,1836.0,6.34,9.203781695399817,-2.863781695399817
2010THOM03,exponential,1837.0,6.83,9.203781597976569,-2.373781597976569
2010THOM03,exponential,1838.0,8.06,9.203781501267379,-1.1437815012673784
2010THOM03,exponential,1839.0,10.21,9.203781405267016,1.0062185947329851
2010THOM03,exponential,1840.0,8.58,9.203781309970283,-0.6237813099702834
2010THOM03,exponential,1841.0,8.89,9.203781215372024,-0.31378121537202297
2010THOM03,exponential,1842.0,8.02,9.203781121467118,-1.1837811214671188
2010THOM03,exponential,1843.0,7.45,9.203781028250484,-1.7537810282504838
2010THOM03,exponential,1844.0,7.48,9.203780935717077,-1.7237809357170768
2010THOM03,exponential,1845.0,8.77,9.203780843861889,-0.4337808438618893
2010THOM03,exponential,1846.0,10.22,9.20378075267995,1.0162192473200502
2010THOM03,exponential,1847.0,11.76,9.203780662166325,2.5562193378336744
2010THOM03,exponential,1848.0,9.73,9.203780572316116,0.5262194276838841
2010THOM03,exponential,1849.0,8.64,9.20378048312446,-0.563780483124459
2010THOM03,exponential,1850.0,8.74,9.203780394586529,-0.46378039458652864
2010THOM03,exponential,1851.0,9.03,9.203780306697533,-0.17378030669753386
2010THOM03,exponential,1852.0,13.25,9.203780219452717,4.046219780547283
2010THOM03,exponential,1853.0,10.03,9.203780132847358,0.8262198671526413
2010THOM03,exponential,1854.0,8.78,9.203780046876767,-0.42378004687676807
2010THOM03,exponential,1855.0,11.63,9.203779961536295,2.426220038463706
2010THOM03,exponential,1856.0,11.36,9.203779876821322,2.1562201231786773
2010THOM03,exponential,1857.0,8.07,9.203779792727264,-1.133779792727264
2010THOM03,exponential,1858.0,7.81,9.20377970924957,-1.3937797092495705
2010THOM03,exponential,1859.0,9.44,9.20377962638372,0.23622037361627868
2010THOM03,exponential,1860.0,12.13,9.203779544125235,2.926220455874766
2010THOM03,exponential,1861.0,10.74,9.203779462469658,1.5362205375303422
2010THOM03,exponential,1862.0,10.71,9.203779381412572,1.5062206185874292
2010THOM03,exponential,1863.0,11.24,9.20377930094959,2.0362206990504106
2010THOM03,exponential,1864.0,10.24,9.203779221076358,1.0362207789236422
2010THOM03,exponential,1865.0,8.69,9.203779141788553,-0.5137791417885538
2010THOM03,exponential,1866.0,11.53,9.203779063081885,2.326220936918114
2010THOM03,exponential,1867.0,7.63,9.203778984952093,-1.5737789849520931
2010THOM03,exponential,1868.0,7.85,9.20377890739495,-1.3537789073949504
2010THOM03,exponential,1869.0,9.4,9.20377883040626,0.19622116959373948
2010THOM03,exponential,1870.0,9.27,9.203778753981855,0.06622124601814505
2010THOM03,exponential,1871.0,11.33,9.203778678117597,2.1262213218824026
2010THOM03,exponential,1872.0,9.25,9.203778602809386,0.0462213971906138
2010THOM03,exponential,1873.0,13.32,9.20377852805314,4.11622147194686
2010THOM03,exponential,1874.0,10.17,9.20377845384482,0.9662215461551806
2010THOM03,exponential,1875.0,10.42,9.203778380180404,1.2162216198195956
2010THOM03,exponential,1876.0,10.0,9.203778307055908,0.7962216929440924
2010THOM03,exponential,1877.0,9.08,9.203778234467375,-0.12377823446737501
2010THOM03,exponential,1878.0,11.34,9.203778162410877,2.1362218375891224
2010THOM03,exponential,1879.0,9.85,9.203778090882514,0.6462219091174859
2010THOM03,exponential,1880.0,8.76,9.203778019878415,-0.44377801987841536
2010THOM03,exponential,1881.0,10.74,9.203777949394738,1.5362220506052626
2010THOM03,exponential,1882.0,11.98,9.203777879427667,2.776222120572333
2010THOM03,exponential,1883.0,8.14,9.203777809973417,-1.0637778099734163
2010THOM03,exponential,1884.0,9.76,9.203777741028228,0.556222258971772
2010THOM03,exponential,1885.0,7.85,9.20377767258837,-1.35377767258837
2010THOM03,exponential,1886.0,8.1,9.203777604650138,-1.1037776046501389
2010THOM03,exponential,1887.0,9.63,9.203777537209858,0.4262224627901432
2010THOM03,exponential,1888.0,7.11,9.203777470263878,-2.093777470263878
2010THOM03,exponential,1889.0,8.35,9.203777403808575,-0.853777403808575
2010THOM03,exponential,1890.0,9.56,9.203777337840354,0.35622266215964693
2010THOM03,exponential,1891.0,9.8,9.203777272355643,0.5962227276443581
2010THOM03,exponential,1892.0,7.88,9.2037772073509,-1.3237772073508998
2010THOM03,exponential,1893.0,8.93,9.203777142822606,-0.2737771428226061
2010THOM03,exponential,1894.0,9.38,9.20377707876727,0.1762229212327302
2010THOM03,exponential,1895.0,9.54,9.203777015181425,0.3362229848185745
2010THOM03,exponential,1896.0,8.14,9.203776952061629,-1.0637769520616285
2010THOM03,exponential,1897.0,7.42,9.203776889404466,-1.783776889404466
2010THOM03,exponential,1898.0,6.99,9.203776827206546,-2.213776827206546
2010THOM03,exponential,1899.0,7.65,9.203776765464504,-1.5537767654645034
2010THOM03,exponential,1900.0,9.67,9.203776704174997,0.466223295825003
2010THOM03,exponential,1901.0,11.49,9.20377664333471,2.2862233566652908
2010THOM03,exponential,1902.0,7.36,9.203776582940346,-1.8437765829403459
2010THOM03,exponential,1903.0,8.41,9.203776522988642,-0.793776522988642
2010THOM03,exponential,1904.0,9.73,9.203776463476352,0.5262235365236485
2010THOM03,exponential,1905.0,7.36,9.203776404400253,-1.843776404400253
2010THOM03,exponential,1906.0,10.57,9.20377634575715,1.3662236542428499
2010THOM03,exponential,1907.0,10.82,9.20377628754387,1.6162237124561312
2010THOM03,exponential,1908.0,9.56,9.20377622975726,0.35622377024274066
2010THOM03,exponential,1909.0,10.6,9.203776172394196,1.3962238276058034
2010THOM03,exponential,1910.0,10.23,9.203776115451571,1.026223884548429
2010THOM03,exponential,1911.0,7.74,9.203776058926305,-1.463776058926305
2010THOM03,exponential,1912.0,8.58,9.203776002815339,-0.6237760028153385
2010THOM03,exponential,1913.0,8.08,9.203775947115634,-1.123775947115634
2010THOM03,exponential,1914.0,10.81,9.20377589182418,1.6062241081758213
2010THOM03,exponential,1915.0,9.11,9.20377583693798,-0.09377583693798108
2010THOM03,exponential,1916.0,9.97,9.203775782454066,0.7662242175459344
2010THOM03,exponential,1917.0,9.4,9.203775728369491,0.19622427163050915
2010THOM03,exponential,1918.0,8.43,9.203775674681326,-0.7737756746813265
2010THOM03,exponential,1919.0,16.4,9.203775621386665,7.1962243786133335
2010THOM03,exponential,1920.0,9.4,9.203775568482625,0.19622443151737556
2010THOM03,exponential,1921.0,10.01,9.203775515966344,0.8062244840336561
2010THOM03,exponential,1922.0,8.0,9.203775463834978,-1.2037754638349778
2010THOM03,exponential,1923.0,7.06,9.203775412085706,-2.1437754120857067
2010THOM03,exponential,1924.0,8.81,9.20377536071573,-0.39377536071572905
2010THOM03,exponential,1925.0,12.69,9.203775309722266,3.4862246902777336
2010THOM03,exponential,1926.0,8.87,9.203775259102557,-0.33377525910255734
2010THOM03,exponential,1927.0,7.88,9.203775208853862,-1.3237752088538626
2010THOM03,exponential,1928.0,9.12,9.203775158973464,-0.08377515897346477
2010THOM03,exponential,1929.0,9.97,9.203775109458661,0.7662248905413396
2010THOM03,exponential,1930.0,15.18,9.203775060306775,5.976224939693225
2010THOM03,exponential,1931.0,9.35,9.203775011515146,0.1462249884848532
2010THOM03,exponential,1932.0,8.04,9.203774963081132,-1.1637749630811332
2010THOM03,exponential,1933.0,9.0,9.203774915002114,-0.2037749150021142
2010THOM03,exponential,1934.0,6.42,9.203774867275488,-2.783774867275488
2010THOM03,exponential,1935.0,7.33,9.203774819898674,-1.8737748198986743
2010THOM03,exponential,1936.0,8.79,9.203774772869105,-0.4137747728691057
2010THOM03,exponential,1937.0,9.49,9.203774726184237,0.2862252738157629
2010THOM03,exponential,1938.0,8.46,9.203774679841544,-0.7437746798415432
2010THOM03,exponential,1939.0,8.46,9.203774633838517,-0.743774633838516
2010THOM03,exponential,1940.0,11.16,9.203774588172667,1.956225411827333
2010THOM03,exponential,1941.0,9.94,9.203774542841524,0.7362254571584756
2010THOM03,exponential,1942.0,10.63,9.203774497842634,1.4262255021573669
2010THOM03,exponential,1943.0,9.26,9.20377445317356,0.056225546826439654
2010THOM03,exponential,1944.0,7.88,9.203774408831887,-1.3237744088318868
2010THOM03,exponential,1945.0,9.32,9.203774364815214,0.11622563518478657
2010THOM03,exponential,1946.0,7.62,9.203774321121157,-1.5837743211211572
2010THOM03,exponential,1947.0,8.29,9.203774277747357,-0.9137742777473576
2010THOM03,exponential,1948.0,8.78,9.203774234691462,-0.4237742346914626
2010THOM03,exponential,1949.0,9.32,9.203774191951142,0.11622580804885807
2010THOM03,exponential,1950.0,13.85,9.203774149524088,4.646225850475911
2010THOM03,exponential,1951.0,11.49,9.203774107408,2.2862258925920003
2010THOM03,exponential,1952.0,7.88,9.2037740656006,-1.3237740656005998
2010THOM03,exponential,1953.0,9.27,9.203774024099625,0.06622597590037493
2010THOM03,exponential,1954.0,12.48,9.20377398290283,3.276226017097171
2010THOM03,exponential,1955.0,8.05,9.203773942007984,-1.1537739420079838
2010THOM03,exponential,1956.0,8.81,9.203773901412875,-0.3937739014128745
2010THOM03,exponential,1957.0,6.99,9.203773861115307,-2.213773861115307
2010THOM03,exponential,1958.0,12.48,9.203773821113097,3.276226178886903
2010THOM03,exponential,1959.0,6.86,9.203773781404085,-2.343773781404084
2010THOM03,exponential,1960.0,8.2,9.203773741986115,-1.003773741986116
2010THOM03,exponential,1961.0,10.71,9.203773702857058,1.506226297142943
2010THOM03,exponential,1962.0,11.42,9.203773664014795,2.216226335985205
2010THOM03,exponential,1963.0,8.15,9.203773625457226,-1.0537736254572252
2010THOM03,exponential,1964.0,10.31,9.203773587182262,1.1062264128177386
2010THOM03,exponential,1965.0,9.92,9.203773549187833,0.716226450812167
2010THOM03,exponential,1966.0,8.6,9.203773511471883,-0.6037735114718839
2010THOM03,exponential,1967.0,7.42,9.20377347403237,-1.7837734740323707
2010THOM03,exponential,1968.0,8.81,9.203773436867268,-0.3937734368672672
2010THOM03,exponential,1969.0,9.19,9.203773399974567,-0.013773399974567724
2010THOM03,exponential,1970.0,8.52,9.203773363352267,-0.6837733633522678
2010THOM03,exponential,1971.0,13.08,9.203773326998391,3.876226673001609
2010THOM03,exponential,1972.0,8.46,9.203773290910968,-0.7437732909109673
2010THOM03,exponential,1973.0,8.95,9.203773255088047,-0.2537732550880474
2010THOM03,exponential,1974.0,11.21,9.203773219527687,2.006226780472314
2010THOM03,exponential,1975.0,6.96,9.203773184227966,-2.2437731842279662
2010THOM03,exponential,1976.0,7.92,9.203773149186972,-1.2837731491869722
2010THOM03,exponential,1977.0,9.56,9.20377311440281,0.35622688559718974
2010THOM03,exponential,1978.0,7.76,9.203773079873597,-1.4437730798735977
2010THOM03,exponential,1979.0,9.97,9.203773045597465,0.7662269544025353
2010THOM03,exponential,1980.0,8.3,9.203773011572558,-0.9037730115725573
2010THOM03,exponential,1981.0,20.3,9.203772977797035,11.096227022202966
2010THOM03,exponential,1982.0,8.93,9.203772944269067,-0.2737729442690675
2010THOM03,exponential,1983.0,7.55,9.203772910986842,-1.6537729109868424
2010THOM03,exponential,1984.0,10.32,9.203772877948557,1.116227122051443
2010THOM03,exponential,1985.0,8.06,9.203772845152425,-1.1437728451524247
2010THOM03,exponential,1986.0,10.17,9.203772812596672,0.9662271874033284
2010THOM03,exponential,1987.0,10.08,9.203772780279532,0.8762272197204677
2010THOM03,exponential,1988.0,10.68,9.203772748199261,1.4762272518007382
2010THOM03,exponential,1989.0,10.29,9.203772716354122,1.0862272836458775
2010THOM03,exponential,1990.0,6.25,9.203772684742388,-2.953772684742388
2010THOM03,exponential,1991.0,10.08,9.203772653362353,0.8762273466376467
2010THOM03,exponential,1992.0,9.9,9.203772622212314,0.696227377787686
2010THOM03,exponential,1993.0,7.68,9.20377259129059,-1.5237725912905908
2010THOM03,exponential,1994.0,11.57,9.203772560595505,2.3662274394044953
2010THOM03,exponential,1995.0,12.14,9.203772530125399,2.936227469874602
2010THOM03,exponential,1996.0,10.34,9.203772499878621,1.1362275001213789
2010THOM03,exponential,1997.0,7.7,9.203772469853535,-1.5037724698535344
2010THOM03,exponential,1998.0,9.3,9.203772440048517,0.09622755995148324
2010THOM03,exponential,1999.0,6.64,9.203772410461953,-2.5637724104619535
2010THOM03,exponential,2000.0,9.73,9.203772381092245,0.5262276189077557
2010THOM03,exponential,2001.0,12.85,9.203772351937799,3.646227648062201
2010THOM03,exponential,2002.0,8.34,9.203772322997038,-0.863772322997038
2010THOM03,exponential,2003.0,10.86,9.203772294268399,1.6562277057316006
2010THOM03,exponential,2004.0,11.12,9.203772265750324,1.9162277342496754
2010THOM03,exponential,2005.0,7.96,9.203772237441273,-1.2437722374412727
2010THOM03,exponential,2006.0,7.12,9.203772209339709,-2.083772209339709
2010THOM03,exponential,2007.0,7.97,9.203772181444117,-1.2337721814441176
2010THOM03,exponential,2008.0,8.13,9.203772153752983,-1.0737721537529819
2010THOM03,exponential,2009.0,7.45,9.20377212626481,-1.753772126264809
2010THOM03,exponential,2010.0,10.29,9.20377209897811,1.0862279010218892
2010THOM03,exponential,2011.0,6.68,9.203772071891407,-2.5237720718914076
2010THOM03,exponential,2012.0,8.24,9.203772045003236,-0.9637720450032354
2010THOM03,exponential,2013.0,11.37,9.203772018312138,2.166227981687861
2010THOM03,exponential,2014.0,7.5,9.203771991816673,-1.703771991816673
2010THOM03,exponential,2015.0,10.29,9.203771965515406,1.0862280344845932
2010THOM03,exponential,2016.0,8.4,9.203771939406911,-0.8037719394069107
2010THOM03,exponential,2017.0,7.85,9.20377191348978,-1.3537719134897799
2010THOM03,exponential,2018.0,9.08,9.203771887762604,-0.1237718877626044
2010THOM03,exponential,2019.0,7.83,9.203771862223997,-1.3737718622239967
2010THOM03,exponential,2020.0,8.41,9.203771836872573,-0.7937718368725726
2010THOM03,exponential,2021.0,7.47,9.203771811706961,-1.7337718117069612
2010THOM03,exponential,2022.0,11.73,9.203771786725799,2.5262282132742016
2010THOM03,exponential,2023.0,11.46,9.203771761927735,2.256228238072266
2010THOM03,exponential,2024.0,9.47,9.203771737311428,0.266228262688573
2010THOM03,exponential,2025.0,6.55,9.203771712875545,-2.653771712875545
2010THOM03,exponential,2026.0,10.02,9.203771688618763,0.8162283113812361
2010THOM03,exponential,2027.0,8.02,9.20377166453977,-1.183771664539771
2010THOM03,exponential,2028.0,7.98,9.203771640637264,-1.2237716406372634
2010THOM03,exponential,2029.0,7.95,9.20377161690995,-1.2537716169099502
2010THOM03,exponential,2030.0,6.28,9.203771593356544,-2.923771593356544
2010THOM03,exponential,2031.0,8.08,9.203771569975773,-1.1237715699757729
2010THOM03,exponential,2032.0,11.24,9.203771546766369,2.0362284532336314
2010THOM03,exponential,2033.0,10.92,9.203771523727077,1.7162284762729225
2010THOM03,exponential,2034.0,9.55,9.203771500856652,0.34622849914334886
2010THOM03,exponential,2035.0,7.63,9.203771478153852,-1.5737714781538523
2010THOM03,exponential,2036.0,9.43,9.203771455617455,0.22622854438254514
2010THOM03,exponential,2037.0,7.3,9.203771433246235,-1.9037714332462352
2010THOM03,exponential,2038.0,7.67,9.203771411038984,-1.533771411038984
2010THOM03,exponential,2039.0,7.5,9.2037713889945,-1.7037713889945003
2010THOM03,exponential,2040.0,9.47,9.20377136711159,0.26622863288841003
2010THOM03,exponential,2041.0,8.43,9.20377134538907,-0.7737713453890702
2010THOM03,exponential,2042.0,7.09,9.203771323825764,-2.1137713238257643
2010THOM03,exponential,2043.0,8.93,9.203771302420506,-0.2737713024205064
2010THOM03,exponential,2044.0,9.32,9.203771281172138,0.11622871882786256
2010THOM03,exponential,2045.0,8.13,9.203771260079506,-1.0737712600795053
2010THOM03,exponential,2046.0,9.57,9.203771239141474,0.36622876085852596
2010THOM03,exponential,2047.0,8.96,9.203771218356906,-0.24377121835690474
2010THOM03,exponential,2048.0,6.91,9.203771197724675,-2.2937711977246753
2010THOM03,exponential,2049.0,8.87,9.20377117724367,-0.3337711772436709
2010THOM03,exponential,2050.0,8.8,9.20377115691278,-0.40377115691277865
2010THOM03,exponential,2051.0,10.31,9.203771136730902,1.1062288632690986
2010THOM03,exponential,2052.0,7.74,9.203771116696947,-1.4637711166969467
2010THOM03,exponential,2053.0,8.45,9.20377109680983,-0.7537710968098299
2010THOM03,exponential,2054.0,9.51,9.203771077068476,0.30622892293152404
2010THOM03,exponential,2055.0,9.09,9.203771057471814,-0.11377105747181382
2010THOM03,exponential,2056.0,9.44,9.203771038018784,0.23622896198121524
2010THOM03,exponential,2057.0,9.43,9.203771018708336,0.2262289812916638
2010THOM03,exponential,2058.0,10.05,9.203770999539422,0.8462290004605784
2010THOM03,exponential,2059.0,7.89,9.203770980511006,-1.3137709805110065
2010THOM03,exponential,2060.0,9.56,9.203770961622057,0.3562290383779434
2010THOM03,exponential,2061.0,8.38,9.203770942871556,-0.8237709428715547
2010THOM03,exponential,2062.0,8.73,9.203770924258484,-0.4737709242584831
2010THOM03,exponential,2063.0,6.46,9.203770905781836,-2.743770905781836
2010THOM03,exponential,2064.0,10.37,9.203770887440612,1.166229112559387
2010THOM03,exponential,2065.0,7.28,9.20377086923382,-1.9237708692338193
2010THOM03,exponential,2066.0,9.24,9.203770851160472,0.03622914883952788
2010THOM03,exponential,2067.0,7.42,9.203770833219593,-1.7837708332195934
2010THOM03,exponential,2068.0,8.85,9.203770815410211,-0.35377081541021127
2010THOM03,exponential,2069.0,9.16,9.203770797731362,-0.043770797731362165
2010THOM03,exponential,2070.0,7.82,9.20377078018209,-1.3837707801820898
2010THOM03,exponential,2071.0,8.13,9.203770762761444,-1.073770762761443
2010THOM03,exponential,2072.0,7.71,9.20377074546848,-1.4937707454684803
2010THOM03,exponential,2073.0,9.02,9.203770728302267,-0.18377072830226737
2010THOM03,exponential,2074.0,10.55,9.203770711261871,1.3462292887381295
2010THOM03,exponential,2075.0,10.3,9.203770694346373,1.0962293056536279
2010THOM03,exponential,2076.0,6.9,9.203770677554855,-2.303770677554855
2010THOM03,exponential,2077.0,10.66,9.203770660886411,1.4562293391135892
2010THOM03,exponential,2078.0,7.85,9.203770644340137,-1.3537706443401376
2010THOM03,exponential,2079.0,8.61,9.203770627915139,-0.5937706279151396
2010THOM03,exponential,2080.0,8.3,9.203770611610526,-0.9037706116105255
2010THOM03,exponential,2081.0,8.65,9.203770595425418,-0.5537705954254175
2010THOM03,exponential,2082.0,8.0,9.203770579358938,-1.2037705793589382
2010THOM03,exponential,2083.0,9.58,9.203770563410215,0.37622943658978514
2010THOM03,exponential,2084.0,7.93,9.203770547578388,-1.2737705475783887
2010THOM03,exponential,2085.0,9.25,9.2037705318626,0.046229468137399365
2010THOM03,exponential,2086.0,8.77,9.203770516262002,-0.4337705162620029
2010THOM03,exponential,2087.0,8.49,9.203770500775747,-0.7137705007757464
2010THOM03,exponential,2088.0,8.27,9.203770485402996,-0.9337704854029969
2010THOM03,exponential,2089.0,8.62,9.20377047014292,-0.5837704701429214
2010THOM03,exponential,2090.0,7.13,9.203770454994693,-2.073770454994693
2010THOM03,exponential,2091.0,8.19,9.203770439957493,-1.0137704399574936
2010THOM03,exponential,2092.0,9.79,9.203770425030507,0.5862295749694919
2010THOM03,exponential,2093.0,8.54,9.203770410212929,-0.6637704102129298
2010THOM03,exponential,2094.0,8.23,9.203770395503955,-0.9737703955039549
2010THOM03,exponential,2095.0,12.25,9.20377038090279,3.0462296190972094
2010THOM03,exponential,2096.0,8.75,9.203770366408644,-0.4537703664086443
2010THOM03,exponential,2097.0,8.66,9.203770352020731,-0.5437703520207311
2010THOM03,exponential,2098.0,9.04,9.203770337738275,-0.16377033773827598
2010THOM03,exponential,2099.0,10.67,9.203770323560502,1.4662296764394984
2010THOM03,exponential,2100.0,10.58,9.203770309486643,1.376229690513357
2010THOM03,exponential,2101.0,9.34,9.203770295515938,0.13622970448406235
2010THOM03,exponential,2102.0,8.8,9.20377028164763,-0.4037702816476294
2010THOM03,exponential,2103.0,9.2,9.203770267880971,-0.0037702678809719004
2010THOM03,exponential,2104.0,7.02,9.203770254215213,-2.1837702542152133
2010THOM03,exponential,2105.0,9.03,9.203770240649618,-0.17377024064961866
2010THOM03,exponential,2106.0,9.22,9.20377022718345,0.016229772816551247
2010THOM03,exponential,2107.0,13.76,9.203770213815982,4.5562297861840175
2010THOM03,exponential,2108.0,9.15,9.203770200546492,-0.05377020054649151
2010THOM03,exponential,2109.0,7.23,9.203770187374259,-1.9737701873742584
2010THOM03,exponential,2110.0,9.46,9.20377017429857,0.25622982570143016
2010THOM03,exponential,2111.0,9.21,9.20377016131872,0.006229838681280242
2010THOM03,exponential,2112.0,8.88,9.203770148434007,-0.3237701484340061
2010THOM03,exponential,2113.0,7.71,9.20377013564373,-1.4937701356437296
2010THOM03,exponential,2114.0,6.92,9.2037701229472,-2.2837701229471996
2010THOM03,exponential,2115.0,8.29,9.203770110343727,-0.9137701103437283
2010THOM03,exponential,2116.0,11.8,9.203770097832631,2.5962299021673694
2010THOM03,exponential,2117.0,8.86,9.203770085413234,-0.34377008541323484
2010THOM03,exponential,2118.0,7.35,9.203770073084867,-1.853770073084867
2010THOM03,exponential,2119.0,11.69,9.203770060846857,2.4862299391531426
2010THOM03,exponential,2120.0,10.67,9.203770048698546,1.4662299513014538
2010THOM03,exponential,2121.0,7.04,9.203770036639277,-2.163770036639277
2010THOM03,exponential,2122.0,7.4,9.203770024668394,-1.8037700246683936
2010THOM03,exponential,2123.0,12.15,9.203770012785252,2.946229987214748
2010THOM03,exponential,2124.0,9.23,9.203770000989207,0.026229999010793037
2010THOM03,exponential,2125.0,10.2,9.20376998927962,0.9962300107203799
2010THOM03,exponential,2126.0,11.34,9.203769977655858,2.136230022344142
2010THOM03,exponential,2127.0,9.18,9.203769966117292,-0.02376996611729254
2010THOM03,exponential,2128.0,6.06,9.203769954663297,-3.1437699546632976
2010THOM03,exponential,2129.0,10.45,9.203769943293254,1.2462300567067448
2010THOM03,exponential,2130.0,8.17,9.203769932006548,-1.0337699320065479
2010THOM03,exponential,2131.0,7.09,9.203769920802566,-2.113769920802566
2010THOM03,exponential,2132.0,8.93,9.203769909680704,-0.2737699096807038
2010THOM03,exponential,2133.0,8.71,9.20376989864036,-0.4937698986403589
2010THOM03,exponential,2134.0,8.76,9.203769887680934,-0.4437698876809346
2010THOM03,exponential,2135.0,7.52,9.203769876801836,-1.6837698768018363
2010THOM03,exponential,2136.0,9.93,9.203769866002474,0.7262301339975252
2010THOM03,exponential,2137.0,9.6,9.203769855282268,0.3962301447177321
2010THOM03,exponential,2138.0,8.27,9.203769844640632,-0.9337698446406328
2010THOM03,exponential,2139.0,12.47,9.203769834076995,3.2662301659230053
2010THOM03,exponential,2140.0,8.98,9.203769823590784,-0.2237698235907839
2010THOM03,exponential,2141.0,9.2,9.203769813181433,-0.0037698131814334346
2010THOM03,exponential,2142.0,8.38,9.203769802848374,-0.8237698028483731
2010THOM03,exponential,2143.0,11.62,9.203769792591052,2.4162302074089475
2010THOM03,exponential,2144.0,10.16,9.20376978240891,0.9562302175910897
2010THOM03,exponential,2145.0,10.15,9.203769772301397,0.946230227698603
2010THOM03,exponential,2146.0,8.52,9.203769762267969,-0.6837697622679695
2010THOM03,exponential,2147.0,9.38,9.203769752308078,0.17623024769192241
2010THOM03,exponential,2148.0,8.82,9.203769742421189,-0.38376974242118855
2010THOM03,exponential,2149.0,9.66,9.203769732606766,0.45623026739323436
2010THOM03,exponential,2150.0,7.79,9.203769722864276,-1.4137697228642763
2010THOM03,exponential,2151.0,12.48,9.203769713193193,3.2762302868068076
2010THOM03,exponential,2152.0,9.62,9.203769703592995,0.4162302964070044
2010THOM03,exponential,2153.0,7.51,9.20376969406316,-1.6937696940631604
2010THOM03,exponential,2154.0,9.0,9.203769684603174,-0.20376968460317357
2010THOM03,exponential,2155.0,8.99,9.203769675212525,-0.2137696752125251
2010THOM03,exponential,2156.0,8.69,9.203769665890704,-0.5137696658907043
2010THOM03,exponential,2157.0,7.91,9.203769656637206,-1.2937696566372061
2010THOM03,exponential,2158.0,7.56,9.203769647451534,-1.643769647451534
2010THOM03,exponential,2159.0,8.69,9.203769638333185,-0.5137696383331853
2010THOM03,exponential,2160.0,7.03,9.20376962928167,-2.1737696292816695
2010THOM03,exponential,2161.0,6.7,9.203769620296496,-2.503769620296496
2010THOM03,exponential,2162.0,8.78,9.20376961137718,-0.42376961137718006
2010THOM03,exponential,2163.0,10.98,9.203769602523238,1.7762303974767626
2010THOM03,exponential,2164.0,8.71,9.20376959373419,-0.49376959373418927
2010THOM03,exponential,2165.0,9.19,9.20376958500956,-0.013769585009560714
2010THOM03,exponential,2166.0,7.74,9.203769576348877,-1.4637695763488772
2010THOM03,exponential,2167.0,7.33,9.203769567751673,-1.8737695677516726
2010THOM03,exponential,2168.0,11.41,9.203769559217482,2.2062304407825177
2010THOM03,exponential,2169.0,8.68,9.203769550745841,-0.5237695507458415
2010THOM03,exponential,2170.0,9.08,9.203769542336293,-0.12376954233629256
2010THOM03,exponential,2171.0,7.04,9.203769533988384,-2.1637695339883836
2010THOM03,exponential,2172.0,7.25,9.203769525701658,-1.9537695257016576
2010THOM03,exponential,2173.0,10.44,9.20376951747567,1.2362304825243289
2010THOM03,exponential,2174.0,8.51,9.203769509309975,-0.6937695093099752
2010THOM03,exponential,2175.0,10.07,9.203769501204128,0.866230498795872
2010THOM03,exponential,2176.0,13.86,9.203769493157695,4.656230506842304
2010THOM03,exponential,2177.0,9.98,9.203769485170236,0.7762305148297646
2010THOM03,exponential,2178.0,11.89,9.203769477241321,2.686230522758679
2010THOM03,exponential,2179.0,8.46,9.203769469370522,-0.7437694693705215
2010THOM03,exponential,2180.0,5.81,9.20376946155741,-3.3937694615574108
2010THOM03,exponential,2181.0,8.48,9.203769453801565,-0.7237694538015642
2010THOM03,exponential,2182.0,9.52,9.203769446102566,0.3162305538974337
2010THOM03,exponential,2183.0,10.21,9.203769438459997,1.0062305615400042
2010THOM03,exponential,2184.0,8.72,9.203769430873443,-0.4837694308734424
2010THOM03,exponential,2185.0,9.1,9.203769423342495,-0.10376942334249506
2010THOM03,exponential,2186.0,8.59,9.203769415866743,-0.6137694158667433
2010THOM03,exponential,2187.0,8.49,9.203769408445785,-0.7137694084457848
2010THOM03,exponential,2188.0,9.01,9.203769401079219,-0.19376940107921925
2010THOM03,exponential,2189.0,9.27,9.203769393766647,0.06623060623335242
2010THOM03,exponential,2190.0,10.4,9.20376938650767,1.1962306134923306
2010THOM03,exponential,2191.0,8.03,9.2037693793019,-1.1737693793019002
2010THOM03,exponential,2192.0,7.14,9.203769372148942,-2.0637693721489425
2010THOM03,exponential,2193.0,8.76,9.203769365048412,-0.44376936504841247
2010THOM03,exponential,2194.0,11.52,9.203769357999924,2.3162306420000753
2010THOM03,exponential,2195.0,9.01,9.2037693510031,-0.1937693510031
2010THOM03,exponential,2196.0,8.54,9.203769344057557,-0.6637693440575578
2010THOM03,exponential,2197.0,9.67,9.203769337162921,0.4662306628370789
2010THOM03,exponential,2198.0,8.22,9.20376933031882,-0.98376933031882
2010THOM03,exponential,2199.0,7.65,9.203769323524883,-1.5537693235248824
2010THOM03,exponential,2200.0,7.65,9.20376931678074,-1.5537693167807394
2010THOM03,exponential,2201.0,7.33,9.20376931008603,-1.873769310086029
2010THOM03,exponential,2202.0,6.97,9.203769303440387,-2.233769303440387
2010THOM03,exponential,2203.0,9.41,9.203769296843452,0.2062307031565478
2010THOM03,exponential,2204.0,8.71,9.20376929029487,-0.4937692902948694
2010THOM03,exponential,2205.0,9.13,9.203769283794287,-0.07376928379428627
2010THOM03,exponential,2206.0,12.62,9.203769277341348,3.4162307226586517
2010THOM03,exponential,2207.0,6.84,9.203769270935705,-2.3637692709357054
2010THOM03,exponential,2208.0,9.76,9.203769264577014,0.5562307354229858
2010THOM03,exponential,2209.0,8.08,9.203769258264927,-1.123769258264927
2010THOM03,exponential,2210.0,6.82,9.203769251999105,-2.383769251999105
2010THOM03,exponential,2211.0,8.84,9.203769245779208,-0.3637692457792081
2010THOM03,exponential,2212.0,7.48,9.2037692396049,-1.7237692396049002
2010THOM03,exponential,2213.0,7.21,9.203769233475846,-1.9937692334758461
2010THOM03,exponential,2214.0,7.79,9.203769227391714,-1.4137692273917137
2010THOM03,exponential,2215.0,8.95,9.203769221352175,-0.25376922135217583
2010THOM03,exponential,2216.0,9.07,9.203769215356903,-0.133769215356903
2010THOM03,exponential,2217.0,8.69,9.203769209405573,-0.5137692094055737
2010THOM03,exponential,2218.0,11.16,9.203769203497865,1.956230796502135
2010THOM03,exponential,2219.0,7.85,9.203769197633456,-1.353769197633456
2010THOM03,exponential,2220.0,11.79,9.203769191812029,2.5862308081879704
2010THOM03,exponential,2221.0,11.29,9.20376918603327,2.086230813966729
2010THOM03,exponential,2222.0,14.55,9.203769180296867,5.346230819703134
2010THOM03,exponential,2223.0,8.33,9.203769174602508,-0.8737691746025078
2010THOM03,exponential,2224.0,11.99,9.203769168949885,2.7862308310501156
2010THOM03,exponential,2225.0,10.78,9.203769163338693,1.5762308366613063
2010THOM03,exponential,2226.0,9.26,9.20376915776863,0.056230842231370204
2010THOM03,exponential,2227.0,8.66,9.20376915223939,-0.5437691522393902
2010THOM03,exponential,2228.0,7.94,9.203769146750677,-1.2637691467506764
2010THOM03,exponential,2229.0,10.7,9.203769141302194,1.496230858697805
2010THOM03,exponential,2230.0,8.86,9.203769135893646,-0.34376913589364655
2010THOM03,exponential,2231.0,11.21,9.203769130524737,2.0062308694752637
2010THOM03,exponential,2232.0,9.06,9.203769125195182,-0.14376912519518115
2010THOM03,exponential,2233.0,7.63,9.203769119904688,-1.5737691199046884
2010THOM03,exponential,2234.0,9.87,9.203769114652971,0.6662308853470282
2010THOM03,exponential,2235.0,7.92,9.203769109439747,-1.2837691094397474
2010THOM03,exponential,2236.0,9.46,9.203769104264731,0.25623089573526947
2010THOM03,exponential,2237.0,9.45,9.203769099127648,0.24623090087235155
2010THOM03,exponential,2238.0,9.15,9.203769094028216,-0.05376909402821539
2010THOM03,exponential,2239.0,7.87,9.203769088966158,-1.3337690889661582
2010THOM03,exponential,2240.0,9.92,9.203769083941204,0.7162309160587963
2010THOM03,exponential,2241.0,14.98,9.20376907895308,5.7762309210469205
2010THOM03,exponential,2242.0,10.94,9.203769074001515,1.736230925998484
2010THOM03,exponential,2243.0,11.09,9.203769069086244,1.8862309309137562
2010THOM03,exponential,2244.0,8.78,9.203769064206998,-0.4237690642069989
2010THOM03,exponential,2245.0,12.25,9.203769059363516,3.046230940636484
2010THOM03,exponential,2246.0,8.36,9.203769054555533,-0.8437690545555334
2010THOM03,exponential,2247.0,11.32,9.203769049782789,2.1162309502172114
2010THOM03,exponential,2248.0,10.22,9.203769045045028,1.0162309549549722
2010THOM03,exponential,2249.0,8.48,9.20376904034199,-0.7237690403419901
2010THOM03,exponential,2250.0,9.14,9.203769035673426,-0.06376903567342573
2010THOM03,exponential,2251.0,9.02,9.203769031039078,-0.1837690310390787
2010THOM03,exponential,2252.0,10.07,9.203769026438698,0.8662309735613025
2010THOM03,exponential,2253.0,7.88,9.203769021872036,-1.3237690218720362
2010THOM03,exponential,2254.0,8.58,9.203769017338844,-0.6237690173388444
2010THOM03,exponential,2255.0,8.02,9.20376901283888,-1.18376901283888
2010THOM03,exponential,2256.0,9.63,9.203769008371896,0.4262309916281044
2010THOM03,exponential,2257.0,7.43,9.203769003937655,-1.7737690039376552
2010THOM03,exponential,2258.0,9.8,9.203768999535912,0.5962310004640887
2010THOM03,exponential,2259.0,7.1,9.203768995166433,-2.1037689951664333
2010THOM03,exponential,2260.0,7.4,9.20376899082898,-1.8037689908289796
2010THOM03,exponential,2261.0,8.96,9.203768986523317,-0.2437689865233157
2010THOM03,exponential,2262.0,12.29,9.203768982249214,3.0862310177507855
2010THOM03,exponential,2263.0,7.87,9.203768978006435,-1.333768978006435
2010THOM03,exponential,2264.0,8.8,9.203768973794755,-0.4037689737947545
2010THOM03,exponential,2265.0,7.67,9.203768969613945,-1.533768969613945
2010THOM03,exponential,2266.0,11.03,9.203768965463777,1.8262310345362227
2010THOM03,exponential,2267.0,8.23,9.203768961344029,-0.9737689613440281
2010THOM03,exponential,2268.0,8.14,9.203768957254475,-1.0637689572544744
2010THOM03,exponential,2269.0,7.48,9.203768953194896,-1.7237689531948952
2010THOM03,exponential,2270.0,7.54,9.20376894916507,-1.6637689491650702
2010THOM03,exponential,2271.0,7.03,9.203768945164782,-2.173768945164782
2010THOM03,exponential,2272.0,8.44,9.203768941193813,-0.7637689411938133
2010THOM03,exponential,2273.0,9.05,9.203768937251949,-0.1537689372519484
2010THOM03,exponential,2274.0,9.14,9.203768933338978,-0.06376893333897726
2010THOM03,exponential,2275.0,7.27,9.203768929454686,-1.9337689294546863
2010THOM03,exponential,2276.0,9.19,9.203768925598864,-0.013768925598864001
2010THOM03,exponential,2277.0,8.23,9.203768921771303,-0.9737689217713026
2010THOM03,exponential,2278.0,8.74,9.203768917971795,-0.46376891797179454
2010THOM03,exponential,2279.0,6.98,9.203768914200136,-2.223768914200136
2010THOM03,exponential,2280.0,9.13,9.203768910456121,-0.07376891045612055
2010THOM03,exponential,2281.0,8.36,9.20376890673955,-0.84376890673955
2010THOM03,exponential,2282.0,8.81,9.203768903050216,-0.3937689030502156
2010THOM03,exponential,2283.0,5.69,9.203768899387924,-3.513768899387924
2010THOM03,exponential,2284.0,6.74,9.203768895752475,-2.463768895752475
2010THOM03,exponential,2285.0,9.67,9.203768892143673,0.46623110785632704
2010THOM03,exponential,2286.0,8.61,9.203768888561319,-0.5937688885613195
2010THOM03,exponential,2287.0,9.73,9.203768885005223,0.5262311149947774
2010THOM03,exponential,2288.0,9.02,9.203768881475192,-0.1837688814751921
2010THOM03,exponential,2289.0,9.01,9.203768877971033,-0.19376887797103315
2010THOM03,exponential,2290.0,7.36,9.203768874492559,-1.8437688744925582
2010THOM03,exponential,2291.0,10.95,9.203768871039578,1.7462311289604209
2010THOM03,exponential,2292.0,10.01,9.203768867611908,0.806231132388092
2010THOM03,exponential,2293.0,10.39,9.203768864209358,1.186231135790642
2010THOM03,exponential,2294.0,9.22,9.20376886083175,0.016231139168251474
2010THOM03,exponential,2295.0,9.36,9.203768857478897,0.15623114252110248
2010THOM03,exponential,2296.0,8.4,9.203768854150617,-0.8037688541506167
2010THOM03,exponential,2297.0,11.24,9.203768850846734,2.0362311491532665
2010THOM03,exponential,2298.0,10.49,9.203768847567064,1.2862311524329364
2010THOM03,exponential,2299.0,9.2,9.203768844311433,-0.003768844311434094
2010THOM03,exponential,2300.0,7.5,9.203768841079667,-1.7037688410796665
2010THOM03,exponential,2301.0,8.91,9.203768837871584,-0.2937688378715837
2010THOM03,exponential,2302.0,8.43,9.203768834687017,-0.7737688346870168
2010THOM03,exponential,2303.0,9.28,9.203768831525789,0.07623116847421052
2010THOM03,exponential,2304.0,8.82,9.203768828387734,-0.3837688283877334
2010THOM03,exponential,2305.0,10.31,9.203768825272677,1.1062311747273235
2010THOM03,exponential,2306.0,8.28,9.203768822180452,-0.9237688221804525
2010THOM03,exponential,2307.0,9.51,9.203768819110891,0.3062311808891085
2010THOM03,exponential,2308.0,7.4,9.20376881606383,-1.8037688160638297
2010THOM03,exponential,2309.0,8.52,9.203768813039101,-0.6837688130391015
2010THOM03,exponential,2310.0,9.32,9.203768810036541,0.11623118996345916
2010THOM03,exponential,2311.0,9.57,9.203768807055988,0.36623119294401185
2010THOM03,exponential,2312.0,8.99,9.203768804097283,-0.21376880409728294
2010THOM03,exponential,2313.0,7.79,9.203768801160262,-1.4137688011602618
2010THOM03,exponential,2314.0,7.82,9.203768798244768,-1.383768798244768
2010THOM03,exponential,2315.0,7.71,9.203768795350642,-1.4937687953506424
2010THOM03,exponential,2316.0,7.28,9.20376879247773,-1.9237687924777296
2010THOM03,exponential,2317.0,10.92,9.203768789625874,1.7162312103741257
2010THOM03,exponential,2318.0,8.78,9.203768786794923,-0.42376878679492336
2010THOM03,exponential,2319.0,11.03,9.203768783984717,1.826231216015282
2010THOM03,exponential,2320.0,9.14,9.203768781195112,-0.06376878119511176
2010THOM03,exponential,2321.0,7.98,9.203768778425951,-1.223768778425951
2010THOM03,exponential,2322.0,9.79,9.203768775677087,0.586231224322912
2010THOM03,exponential,2323.0,11.0,9.203768772948372,1.7962312270516279
2010THOM03,exponential,2324.0,10.29,9.203768770239655,1.0862312297603438
2010THOM03,exponential,2325.0,8.23,9.203768767550793,-0.9737687675507924
2010THOM03,exponential,2326.0,13.56,9.203768764881637,4.356231235118363
2010THOM03,exponential,2327.0,11.91,9.203768762232047,2.7062312377679536
2010THOM03,exponential,2328.0,6.54,9.203768759601875,-2.663768759601875
2010THOM03,exponential,2329.0,9.16,9.203768756990982,-0.04376875699098193
2010THOM03,exponential,2330.0,7.53,9.203768754399224,-1.673768754399224
2010THOM03,exponential,2331.0,7.16,9.203768751826464,-2.0437687518264642
2010THOM03,exponential,2332.0,8.11,9.20376874927256,-1.0937687492725612
2010THOM03,exponential,2333.0,10.56,9.203768746737374,1.3562312532626262
2010THOM03,exponential,2334.0,7.79,9.20376874422077,-1.4137687442207705
2010THOM03,exponential,2335.0,8.59,9.203768741722612,-0.6137687417226125
2010THOM03,exponential,2336.0,8.62,9.203768739242765,-0.5837687392427657
2010THOM03,exponential,2337.0,9.37,9.203768736781091,0.1662312632189078
2010THOM03,exponential,2338.0,8.77,9.203768734337462,-0.43376873433746255
2010THOM03,exponential,2339.0,7.23,9.203768731911744,-1.9737687319117434
2010THOM03,exponential,2340.0,11.48,9.203768729503803,2.276231270496197
2010THOM03,exponential,2341.0,11.8,9.203768727113513,2.596231272886488
2010THOM03,exponential,2342.0,9.74,9.20376872474074,0.5362312752592597
2010THOM03,exponential,2343.0,8.7,9.20376872238536,-0.5037687223853613
2010THOM03,exponential,2344.0,7.66,9.203768720047243,-1.5437687200472432
2010THOM03,exponential,2345.0,7.5,9.203768717726264,-1.7037687177262644
2010THOM03,exponential,2346.0,8.72,9.203768715422296,-0.48376871542229516
2010THOM03,exponential,2347.0,10.11,9.203768713135215,0.9062312868647844
2010THOM03,exponential,2348.0,6.92,9.203768710864896,-2.283768710864896
2010THOM03,exponential,2349.0,7.92,9.203768708611218,-1.283768708611218
2010THOM03,exponential,2350.0,7.83,9.203768706374058,-1.373768706374058
2010THOM03,exponential,2351.0,8.11,9.203768704153296,-1.0937687041532964
2010THOM03,exponential,2352.0,8.84,9.20376870194881,-0.3637687019488105
2010THOM03,exponential,2353.0,8.09,9.203768699760483,-1.1137686997604828
2010THOM03,exponential,2354.0,7.96,9.203768697588194,-1.2437686975881936
2010THOM03,exponential,2355.0,10.4,9.203768695431826,1.1962313045681743
2010THOM03,exponential,2356.0,9.68,9.203768693291265,0.47623130670873515
2010THOM03,exponential,2357.0,6.84,9.203768691166392,-2.363768691166392
2010THOM03,exponential,2358.0,8.08,9.203768689057092,-1.1237686890570924
2010THOM03,exponential,2359.0,8.3,9.203768686963254,-0.9037686869632537
2010THOM03,exponential,2360.0,8.08,9.203768684884762,-1.1237686848847623
2010THOM03,exponential,2361.0,6.8,9.203768682821504,-2.4037686828215046
2010THOM03,exponential,2362.0,8.36,9.20376868077337,-0.8437686807733709
2010THOM03,exponential,2363.0,12.84,9.203768678740246,3.6362313212597535
2010THOM03,exponential,2364.0,10.15,9.203768676722024,0.946231323277976
2010THOM03,exponential,2365.0,14.83,9.203768674718594,5.626231325281406
2010THOM03,exponential,2366.0,7.17,9.203768672729849,-2.033768672729849
2010THOM03,exponential,2367.0,9.96,9.20376867075568,0.7562313292443203
2010THOM03,exponential,2368.0,7.34,9.20376866879598,-1.8637686687959807
2010THOM03,exponential,2369.0,7.73,9.203768666850646,-1.4737686668506456
2010THOM03,exponential,2370.0,9.15,9.203768664919568,-0.05376866491956811
2010THOM03,exponential,2371.0,10.06,9.203768663002645,0.8562313369973555
2010THOM03,exponential,2372.0,6.51,9.20376866109977,-2.693768661099771
2010THOM03,exponential,2373.0,8.99,9.203768659210844,-0.2137686592108441
2010THOM03,exponential,2374.0,6.83,9.203768657335761,-2.373768657335761
2010THOM03,exponential,2375.0,8.87,9.203768655474423,-0.33376865547442414
2010THOM03,exponential,2376.0,8.58,9.203768653626728,-0.623768653626728
2010THOM03,exponential,2377.0,9.0,9.203768651792574,-0.20376865179257386
2010THOM03,exponential,2378.0,9.84,9.203768649971863,0.6362313500281367
2010THOM03,exponential,2379.0,12.51,9.203768648164498,3.3062313518355015
2010THOM03,exponential,2380.0,11.51,9.20376864637038,2.30623135362962
2010THOM03,exponential,2381.0,11.29,9.203768644589411,2.086231355410588
2010THOM03,exponential,2382.0,8.02,9.203768642821498,-1.183768642821498
2010THOM03,exponential,2383.0,9.29,9.20376864106654,0.08623135893345868
2010THOM03,exponential,2384.0,8.04,9.203768639324446,-1.1637686393244469
2010THOM03,exponential,2385.0,8.06,9.20376863759512,-1.1437686375951195
2010THOM03,exponential,2386.0,9.85,9.20376863587847,0.6462313641215296
2010THOM03,exponential,2387.0,10.52,9.203768634174402,1.3162313658255975
2010THOM03,exponential,2388.0,6.69,9.203768632482824,-2.5137686324828232
2010THOM03,exponential,2389.0,8.54,9.203768630803642,-0.6637686308036432
2010THOM03,exponential,2390.0,9.21,9.203768629136771,0.006231370863229557
2010THOM03,exponential,2391.0,11.21,9.203768627482114,2.0062313725178864
2010THOM03,exponential,2392.0,11.61,9.203768625839588,2.406231374160411
2010THOM03,exponential,2393.0,10.39,9.203768624209099,1.1862313757909018
2010THOM03,exponential,2394.0,9.21,9.20376862259056,0.006231377409440242
2010THOM03,exponential,2395.0,11.32,9.203768620983885,2.1162313790161154
2010THOM03,exponential,2396.0,10.07,9.203768619388986,0.8662313806110138
2010THOM03,exponential,2397.0,8.18,9.203768617805776,-1.0237686178057768
2010THOM03,exponential,2398.0,8.68,9.203768616234171,-0.5237686162341717
2010THOM03,exponential,2399.0,9.5,9.203768614674086,0.296231385325914
2010THOM03,exponential,2400.0,6.2,9.203768613125433,-3.003768613125433
2010THOM03,exponential,2401.0,9.9,9.203768611588133,0.6962313884118672
2010THOM03,exponential,2402.0,9.18,9.203768610062099,-0.02376861006209907
2010THOM03,exponential,2403.0,8.69,9.20376860854725,-0.5137686085472506
2010THOM03,exponential,2404.0,13.7,9.203768607043505,4.496231392956494
2010THOM03,exponential,2405.0,9.73,9.203768605550781,0.5262313944492192
2010THOM03,exponential,2406.0,7.88,9.203768604069,-1.3237686040689995
2010THOM03,exponential,2407.0,10.85,9.203768602598076,1.6462313974019231
2010THOM03,exponential,2408.0,10.59,9.203768601137936,1.3862313988620638
2010THOM03,exponential,2409.0,10.15,9.203768599688496,0.946231400311504
2010THOM03,exponential,2410.0,9.35,9.203768598249681,0.14623140175031857
2010THOM03,exponential,2411.0,9.23,9.20376859682141,0.026231403178590185
2010THOM03,exponential,2412.0,7.59,9.20376859540361,-1.6137685954036094
2010THOM03,exponential,2413.0,9.69,9.2037685939962,0.48623140600379955
2010THOM03,exponential,2414.0,8.57,9.203768592599106,-0.6337685925991057
2010THOM03,exponential,2415.0,7.9,9.20376859121225,-1.3037685912122505
2010THOM03,exponential,2416.0,7.91,9.203768589835562,-1.2937685898355618
2010THOM03,exponential,2417.0,7.71,9.203768588468963,-1.4937685884689627
2010THOM03,exponential,2418.0,10.98,9.20376858711238,1.7762314128876202
2010THOM03,exponential,2419.0,9.55,9.203768585765742,0.34623141423425885
2010THOM03,exponential,2420.0,10.81,9.203768584428971,1.6062314155710293
2010THOM03,exponential,2421.0,8.12,9.203768583102,-1.0837685831020014
2010THOM03,exponential,2422.0,8.68,9.203768581784756,-0.5237685817847559
2010THOM03,exponential,2423.0,11.64,9.203768580477163,2.436231419522837
2010THOM03,exponential,2424.0,7.99,9.203768579179156,-1.2137685791791561
2010THOM03,exponential,2425.0,8.17,9.203768577890663,-1.0337685778906636
2010THOM03,exponential,2426.0,10.19,9.203768576611614,0.9862314233883858
2010THOM03,exponential,2427.0,10.33,9.20376857534194,1.1262314246580605
2010THOM03,exponential,2428.0,9.29,9.203768574081572,0.08623142591842736
2010THOM03,exponential,2429.0,9.2,9.203768572830441,-0.003768572830441741
2010THOM03,exponential,2430.0,7.45,9.20376857158848,-1.7537685715884797
2010THOM03,exponential,2431.0,8.85,9.203768570355622,-0.3537685703556228
2010THOM03,exponential,2432.0,9.66,9.203768569131801,0.45623143086819873
2010THOM03,exponential,2433.0,8.05,9.20376856791695,-1.1537685679169485
2010THOM03,exponential,2434.0,7.62,9.203768566711002,-1.5837685667110017
2010THOM03,exponential,2435.0,9.0,9.203768565513894,-0.20376856551389366
2010THOM03,exponential,2436.0,8.79,9.203768564325559,-0.41376856432555975
2010THOM03,exponential,2437.0,8.71,9.203768563145935,-0.49376856314593454
2010THOM03,exponential,2438.0,7.48,9.203768561974956,-1.7237685619749552
2010THOM03,exponential,2439.0,8.07,9.203768560812561,-1.1337685608125607
2010THOM03,exponential,2440.0,10.52,9.203768559658684,1.3162314403413156
2010THOM03,exponential,2441.0,8.36,9.203768558513266,-0.8437685585132666
2010THOM03,exponential,2442.0,10.38,9.203768557376241,1.1762314426237594
2010THOM03,exponential,2443.0,10.13,9.203768556247551,0.9262314437524495
2010THOM03,exponential,2444.0,8.45,9.203768555127136,-0.7537685551271363
2010THOM03,exponential,2445.0,7.61,9.20376855401493,-1.5937685540149298
2010THOM03,exponential,2446.0,7.42,9.203768552910876,-1.7837685529108764
2010THOM03,exponential,2447.0,6.94,9.203768551814916,-2.2637685518149153
2010THOM03,exponential,2448.0,9.08,9.203768550726988,-0.12376855072698767
2010THOM03,exponential,2449.0,8.7,9.203768549647034,-0.5037685496470345
2010THOM03,exponential,2450.0,9.18,9.203768548574994,-0.023768548574993886
2010THOM03,exponential,2451.0,9.29,9.203768547510814,0.0862314524891854
2010THOM03,exponential,2452.0,7.87,9.203768546454432,-1.333768546454432
2010THOM03,exponential,2453.0,8.32,9.203768545405792,-0.8837685454057915
2010THOM03,exponential,2454.0,12.4,9.20376854436484,3.1962314556351608
2010THOM03,exponential,2455.0,10.25,9.203768543331517,1.0462314566684832
2010THOM03,exponential,2456.0,8.11,9.203768542305767,-1.0937685423057673
2010THOM03,exponential,2457.0,10.48,9.203768541287536,1.2762314587124646
2010THOM03,exponential,2458.0,10.32,9.203768540276767,1.1162314597232328
2010THOM03,exponential,2459.0,8.06,9.203768539273407,-1.143768539273406
2010THOM03,exponential,2460.0,7.09,9.203768538277401,-2.1137685382774016
2010THOM03,exponential,2461.0,10.36,9.203768537288695,1.156231462711304
2010THOM03,exponential,2462.0,11.99,9.203768536307237,2.786231463692763
2010THOM03,exponential,2463.0,9.21,9.203768535332971,0.00623146466702984
2010THOM03,exponential,2464.0,14.83,9.203768534365846,5.626231465634154
2010THOM03,exponential,2465.0,7.94,9.20376853340581,-1.26376853340581
2010THOM03,exponential,2466.0,9.7,9.203768532452811,0.4962314675471884
2010THOM03,exponential,2467.0,10.99,9.203768531506796,1.7862314684932041
2010THOM03,exponential,2468.0,10.56,9.203768530567716,1.3562314694322843
2010THOM03,exponential,2469.0,9.36,9.203768529635518,0.1562314703644816
2010THOM03,exponential,2470.0,10.92,9.203768528710153,1.7162314712898468
2010THOM03,exponential,2471.0,8.64,9.203768527791569,-0.5637685277915683
2010THOM03,exponential,2472.0,7.69,9.203768526879719,-1.5137685268797183
2010THOM03,exponential,2473.0,8.11,9.203768525974553,-1.0937685259745535
2010THOM03,exponential,2474.0,8.46,9.20376852507602,-0.7437685250760193
2010THOM03,exponential,2475.0,8.39,9.203768524184074,-0.8137685241840735
2010THOM03,exponential,2476.0,9.67,9.203768523298663,0.4662314767013367
2010THOM03,exponential,2477.0,9.21,9.203768522419745,0.006231477580255884
2010THOM03,exponential,2478.0,8.55,9.203768521547266,-0.6537685215472653
2010THOM03,exponential,2479.0,8.9,9.203768520681184,-0.3037685206811833
2010THOM03,exponential,2480.0,7.45,9.203768519821448,-1.753768519821448
2010THOM03,exponential,2481.0,9.99,9.203768518968015,0.7862314810319848
2010THOM03,exponential,2482.0,12.17,9.203768518120837,2.966231481879163
2010THOM03,exponential,2483.0,8.33,9.203768517279867,-0.873768517279867
2010THOM03,exponential,2484.0,7.69,9.203768516445063,-1.5137685164450625
2010THOM03,exponential,2485.0,9.73,9.203768515616376,0.526231484383624
2010THOM03,exponential,2486.0,9.3,9.203768514793763,0.09623148520623737
2010THOM03,exponential,2487.0,12.39,9.203768513977181,3.1862314860228196
2010THOM03,exponential,2488.0,9.53,9.203768513166581,0.32623148683341796
2010THOM03,exponential,2489.0,11.03,9.203768512361926,1.8262314876380739
2010THOM03,exponential,2490.0,9.64,9.203768511563165,0.43623148843683524
2010THOM03,exponential,2491.0,7.8,9.20376851077026,-1.4037685107702602
2010THOM03,exponential,2492.0,13.66,9.203768509983167,4.456231490016833
2010THOM03,exponential,2493.0,7.25,9.203768509201844,-1.9537685092018435
2010THOM03,exponential,2494.0,9.88,9.203768508426245,0.6762314915737555
2010THOM03,exponential,2495.0,7.54,9.203768507656333,-1.663768507656333
2010THOM03,exponential,2496.0,9.64,9.203768506892063,0.43623149310793785
2010THOM03,exponential,2497.0,8.63,9.203768506133395,-0.5737685061333941
2010THOM03,exponential,2498.0,10.63,9.203768505380287,1.4262314946197137
2010THOM03,exponential,2499.0,9.54,9.203768504632698,0.3362314953673007
2010THOM03,exponential,2500.0,9.25,9.203768503890592,0.046231496109408354
2010THOM03,exponential,2501.0,9.62,9.203768503153922,0.41623149684607696
2010THOM03,exponential,2502.0,8.88,9.203768502422651,-0.32376850242265043
2010THOM03,exponential,2503.0,6.61,9.203768501696743,-2.5937685016967427
2010THOM03,exponential,2504.0,9.97,9.203768500976153,0.7662314990238475
2010THOM03,exponential,2505.0,10.09,9.203768500260844,0.8862314997391554
2010THOM03,exponential,2506.0,7.67,9.20376849955078,-1.5337684995507797
2010THOM03,exponential,2507.0,8.17,9.20376849884592,-1.0337684988459195
2010THOM03,exponential,2508.0,9.7,9.203768498146225,0.4962315018537744
2010THOM03,exponential,2509.0,8.94,9.203768497451659,-0.2637684974516592
2010THOM03,exponential,2510.0,7.55,9.203768496762184,-1.6537684967621837
2010THOM03,exponential,2511.0,8.22,9.203768496077762,-0.9837684960777615
2010THOM03,exponential,2512.0,10.14,9.203768495398357,0.9362315046016434
2010THOM03,exponential,2513.0,7.57,9.203768494723931,-1.633768494723931
2010THOM03,exponential,2514.0,7.57,9.203768494054449,-1.6337684940544488
2010THOM03,exponential,2515.0,8.61,9.203768493389873,-0.5937684933898737
2010THOM03,exponential,2516.0,10.92,9.203768492730168,1.716231507269832
2010THOM03,exponential,2517.0,8.92,9.2037684920753,-0.28376849207529986
2010THOM03,exponential,2518.0,11.21,9.20376849142523,2.0062315085747713
2010THOM03,exponential,2519.0,8.52,9.203768490779925,-0.6837684907799257
2010THOM03,exponential,2520.0,8.82,9.20376849013935,-0.38376849013934944
2010THOM03,exponential,2521.0,9.06,9.20376848950347,-0.14376848950347032
2010THOM03,exponential,2522.0,7.51,9.203768488872251,-1.6937684888722515
2010THOM03,exponential,2523.0,7.52,9.20376848824566,-1.6837684882456596
2010THOM03,exponential,2524.0,11.73,9.203768487623659,2.5262315123763415
2010THOM03,exponential,2525.0,8.6,9.203768487006217,-0.6037684870062172
2010THOM03,exponential,2526.0,6.53,9.203768486393301,-2.6737684863933007
2010THOM03,exponential,2527.0,9.95,9.203768485784877,0.7462315142151219
2010THOM03,exponential,2528.0,9.99,9.203768485180914,0.7862315148190859
2010THOM03,exponential,2529.0,9.24,9.203768484581376,0.03623151541862413
2010THOM03,exponential,2530.0,8.55,9.203768483986233,-0.6537684839862319
2010THOM03,exponential,2531.0,8.84,9.203768483395452,-0.363768483395452
2010THOM03,exponential,2532.0,10.23,9.203768482809002,1.0262315171909986
2010THOM03,exponential,2533.0,9.83,9.203768482226849,0.6262315177731512
2010THOM03,exponential,2534.0,8.73,9.203768481648963,-0.47376848164896224
2010THOM03,exponential,2535.0,8.06,9.203768481075313,-1.1437684810753126
2010THOM03,exponential,2536.0,7.41,9.203768480505868,-1.793768480505868
2010THOM03,exponential,2537.0,12.54,9.203768479940596,3.3362315200594033
2010THOM03,exponential,2538.0,10.37,9.203768479379468,1.1662315206205314
2010THOM03,exponential,2539.0,12.29,9.203768478822452,3.086231521177547
2010THOM03,exponential,2540.0,11.56,9.203768478269518,2.356231521730482
2010THOM03,exponential,2541.0,7.81,9.203768477720638,-1.3937684777206387
2010THOM03,exponential,2542.0,8.46,9.20376847717578,-0.7437684771757791
2010THOM03,exponential,2543.0,8.1,9.203768476634917,-1.103768476634917
2010THOM03,exponential,2544.0,9.58,9.203768476098016,0.3762315239019838
2010THOM03,exponential,2545.0,7.25,9.203768475565052,-1.9537684755650524
2010THOM03,exponential,2546.0,7.26,9.203768475035993,-1.9437684750359931
2010THOM03,exponential,2547.0,9.01,9.203768474510813,-0.19376847451081325
2010THOM03,exponential,2548.0,10.83,9.20376847398948,1.6262315260105193
2010THOM03,exponential,2549.0,8.88,9.203768473471971,-0.32376847347197035
2010THOM03,exponential,2550.0,8.78,9.203768472958254,-0.4237684729582547
2010THOM03,exponential,2551.0,9.36,9.203768472448303,0.15623152755169656
2010THOM03,exponential,2552.0,10.84,9.203768471942087,1.6362315280579125
2010THOM03,exponential,2553.0,9.6,9.203768471439584,0.3962315285604152
2010THOM03,exponential,2554.0,12.19,9.203768470940764,2.9862315290592356
2010THOM03,exponential,2555.0,8.28,9.203768470445599,-0.9237684704455997
2010THOM03,exponential,2556.0,7.07,9.203768469954063,-2.133768469954063
2010THOM03,exponential,2557.0,9.75,9.20376846946613,0.5462315305338699
2010THOM03,exponential,2558.0,8.53,9.203768468981774,-0.6737684689817751
2010THOM03,exponential,2559.0,12.73,9.203768468500968,3.5262315314990325
2010THOM03,exponential,2560.0,10.09,9.203768468023684,0.8862315319763159
2010THOM03,exponential,2561.0,8.3,9.203768467549901,-0.9037684675499005
2010THOM03,exponential,2562.0,9.73,9.20376846707959,0.526231532920411
2010THOM03,exponential,2563.0,8.57,9.203768466612724,-0.6337684666127235
2010THOM03,exponential,2564.0,10.36,9.203768466149283,1.1562315338507165
2010THOM03,exponential,2565.0,9.23,9.203768465689237,0.02623153431076375
2010THOM03,exponential,2566.0,9.43,9.203768465232562,0.22623153476743774
2010THOM03,exponential,2567.0,8.64,9.203768464779236,-0.5637684647792351
2010THOM03,exponential,2568.0,8.69,9.203768464329231,-0.5137684643292317
2010THOM03,exponential,2569.0,10.44,9.203768463882525,1.236231536117474
2010THOM03,exponential,2570.0,10.22,9.203768463439093,1.0162315365609071
2010THOM03,exponential,2571.0,8.29,9.203768462998912,-0.9137684629989131
2010THOM03,exponential,2572.0,10.88,9.203768462561957,1.6762315374380439
2010THOM03,exponential,2573.0,8.92,9.203768462128204,-0.2837684621282044
2010THOM03,exponential,2574.0,7.69,9.203768461697631,-1.513768461697631
2010THOM03,exponential,2575.0,11.39,9.203768461270213,2.1862315387297873
2010THOM03,exponential,2576.0,7.41,9.203768460845929,-1.7937684608459286
2010THOM03,exponential,2577.0,8.45,9.203768460424753,-0.7537684604247534
2010THOM03,exponential,2578.0,9.36,9.203768460006664,0.1562315399933354
2010THOM03,exponential,2579.0,16.56,9.203768459591641,7.356231540408357
2010THOM03,exponential,2580.0,8.93,9.20376845917966,-0.2737684591796601
2010THOM03,exponential,2581.0,7.14,9.203768458770696,-2.0637684587706966
2010THOM03,exponential,2582.0,8.51,9.203768458364733,-0.6937684583647332
2010THOM03,exponential,2583.0,8.98,9.203768457961743,-0.22376845796174294
2010THOM03,exponential,2584.0,10.96,9.203768457561708,1.756231542438293
2010THOM03,exponential,2585.0,10.83,9.203768457164603,1.6262315428353968
2010THOM03,exponential,2586.0,8.61,9.20376845677041,-0.5937684567704107
2010THOM03,exponential,2587.0,8.69,9.203768456379107,-0.5137684563791076
2010THOM03,exponential,2588.0,9.91,9.203768455990671,0.706231544009329
2010THOM03,exponential,2589.0,7.48,9.203768455605083,-1.7237684556050823
2010THOM03,exponential,2590.0,9.56,9.20376845522232,0.35623154477768004
2010THOM03,exponential,2591.0,9.51,9.203768454842363,0.30623154515763673
2010THOM03,exponential,2592.0,8.41,9.203768454465191,-0.7937684544651908
2010THOM03,exponential,2593.0,7.37,9.203768454090783,-1.8337684540907828
2010THOM03,exponential,2594.0,7.22,9.20376845371912,-1.9837684537191196
2010THOM03,exponential,2595.0,10.17,9.203768453350179,0.966231546649821
2010THOM03,exponential,2596.0,9.82,9.203768452983944,0.6162315470160564
2010THOM03,exponential,2597.0,12.09,9.203768452620393,2.886231547379607
2010THOM03,exponential,2598.0,7.39,9.203768452259506,-1.8137684522595068
2010THOM03,exponential,2599.0,8.6,9.203768451901265,-0.6037684519012654
2010THOM03,exponential,2600.0,8.46,9.203768451545649,-0.7437684515456482
2010THOM03,exponential,2601.0,9.99,9.20376845119264,0.7862315488073595
2010THOM03,exponential,2602.0,7.46,9.203768450842219,-1.7437684508422189
2010THOM03,exponential,2603.0,8.72,9.203768450494366,-0.4837684504943649
2010THOM03,exponential,2604.0,8.52,9.203768450149061,-0.6837684501490617
2010THOM03,exponential,2605.0,11.78,9.203768449806288,2.576231550193711
2010THOM03,exponential,2606.0,9.48,9.203768449466027,0.2762315505339732
2010THOM03,exponential,2607.0,9.83,9.203768449128262,0.6262315508717382
2010THOM03,exponential,2608.0,6.53,9.203768448792971,-2.6737684487929707
2010THOM03,exponential,2609.0,7.63,9.203768448460137,-1.5737684484601369
2010THOM03,exponential,2610.0,7.8,9.203768448129743,-1.4037684481297434
2010THOM03,exponential,2611.0,10.1,9.203768447801771,0.8962315521982287
2010THOM03,exponential,2612.0,8.46,9.203768447476202,-0.7437684474762012
2010THOM03,exponential,2613.0,9.51,9.203768447153019,0.306231552846981
2010THOM03,exponential,2614.0,11.23,9.203768446832207,2.0262315531677935
2010THOM03,exponential,2615.0,8.09,9.203768446513743,-1.1137684465137436
2010THOM03,exponential,2616.0,7.27,9.203768446197616,-1.9337684461976163
2010THOM03,exponential,2617.0,8.69,9.203768445883805,-0.5137684458838052
2010THOM03,exponential,2618.0,7.46,9.203768445572294,-1.743768445572294
2010THOM03,exponential,2619.0,8.12,9.203768445263066,-1.0837684452630665
2010THOM03,exponential,2620.0,7.67,9.203768444956106,-1.533768444956106
2010THOM03,exponential,2621.0,7.57,9.203768444651393,-1.633768444651393
2010THOM03,exponential,2622.0,8.47,9.203768444348915,-0.7337684443489145
2010THOM03,exponential,2623.0,8.31,9.203768444048654,-0.8937684440486535
2010THOM03,exponential,2624.0,7.69,9.203768443750594,-1.5137684437505934
2010THOM03,exponential,2625.0,7.76,9.203768443454718,-1.4437684434547187
2010THOM03,exponential,2626.0,11.27,9.203768443161012,2.0662315568389875
2010THOM03,exponential,2627.0,7.2,9.203768442869457,-2.0037684428694567
2010THOM03,exponential,2628.0,7.42,9.20376844258004,-1.7837684425800404
2010THOM03,exponential,2629.0,9.08,9.203768442292745,-0.12376844229274475
2010THOM03,exponential,2630.0,8.31,9.203768442007554,-0.8937684420075538
2010THOM03,exponential,2631.0,11.28,9.203768441724453,2.0762315582755466
2010THOM03,exponential,2632.0,8.5,9.203768441443428,-0.7037684414434278
2010THOM03,exponential,2633.0,8.52,9.203768441164463,-0.6837684411644638
2010THOM03,exponential,2634.0,8.34,9.203768440887542,-0.8637684408875419
2010THOM03,exponential,2635.0,8.37,9.20376844061265,-0.8337684406126513
2010THOM03,exponential,2636.0,8.65,9.203768440339775,-0.5537684403397751
2010THOM03,exponential,2637.0,8.76,9.203768440068899,-0.44376844006889904
2010THOM03,exponential,2638.0,7.56,9.203768439800008,-1.6437684398000085
2010THOM03,exponential,2639.0,10.6,9.203768439533087,1.3962315604669122
2010THOM03,exponential,2640.0,7.9,9.203768439268124,-1.303768439268124
2010THOM03,exponential,2641.0,10.05,9.203768439005103,0.846231560994898
2010THOM03,exponential,2642.0,8.36,9.203768438744008,-0.843768438744009
2010THOM03,exponential,2643.0,10.24,9.203768438484829,1.0362315615151712
2010THOM03,exponential,2644.0,9.45,9.203768438227549,0.24623156177245065
2010THOM03,exponential,2645.0,9.13,9.203768437972155,-0.07376843797215393
2010THOM03,exponential,2646.0,9.05,9.203768437718631,-0.15376843771863058
2010THOM03,exponential,2647.0,9.65,9.203768437466966,0.4462315625330344
2010THOM03,exponential,2648.0,7.96,9.203768437217146,-1.2437684372171462
2010THOM03,exponential,2649.0,8.65,9.203768436969158,-0.5537684369691576
2010THOM03,exponential,2650.0,10.83,9.203768436722987,1.6262315632770132
2010THOM03,exponential,2651.0,7.59,9.203768436478619,-1.613768436478619
2010THOM03,exponential,2652.0,8.41,9.203768436236043,-0.7937684362360429
2010THOM03,exponential,2653.0,9.63,9.203768435995245,0.42623156400475537
2010THOM03,exponential,2654.0,10.83,9.203768435756212,1.6262315642437883
2010THOM03,exponential,2655.0,11.29,9.203768435518931,2.086231564481068
2010THOM03,exponential,2656.0,7.07,9.203768435283388,-2.133768435283388
2010THOM03,exponential,2657.0,9.79,9.203768435049573,0.5862315649504257
2010THOM03,exponential,2658.0,8.53,9.203768434817471,-0.6737684348174717
2010THOM03,exponential,2659.0,10.11,9.20376843458707,0.9062315654129289
2010THOM03,exponential,2660.0,7.72,9.203768434358357,-1.4837684343583577
2010THOM03,exponential,2661.0,8.12,9.203768434131323,-1.0837684341313238
2010THOM03,exponential,2662.0,8.32,9.203768433905951,-0.8837684339059511
2010THOM03,exponential,2663.0,7.58,9.203768433682232,-1.6237684336822316
2010THOM03,exponential,2664.0,9.33,9.203768433460151,0.12623156653984857
2010THOM03,exponential,2665.0,8.81,9.203768433239699,-0.393768433239698
2010THOM03,exponential,2666.0,7.76,9.203768433020862,-1.4437684330208622
2010THOM03,exponential,2667.0,9.67,9.20376843280363,0.4662315671963704
2010THOM03,exponential,2668.0,8.91,9.203768432587989,-0.29376843258798857
2010THOM03,exponential,2669.0,7.92,9.20376843237393,-1.2837684323739307
2010THOM03,exponential,2670.0,8.01,9.20376843216144,-1.1937684321614395
2010THOM03,exponential,2671.0,7.87,9.203768431950506,-1.3337684319505057
2010THOM03,exponential,2672.0,8.56,9.203768431741118,-0.6437684317411172
2010THOM03,exponential,2673.0,10.53,9.203768431533264,1.326231568466735
2010THOM03,exponential,2674.0,7.04,9.203768431326935,-2.163768431326935
2010THOM03,exponential,2675.0,9.79,9.20376843112212,0.5862315688778796
2010THOM03,exponential,2676.0,7.93,9.203768430918803,-1.2737684309188033
2010THOM03,exponential,2677.0,7.46,9.203768430716977,-1.743768430716977
2010THOM03,exponential,2678.0,8.54,9.20376843051663,-0.6637684305166314
2010THOM03,exponential,2679.0,7.26,9.203768430317753,-1.9437684303177534
2010THOM03,exponential,2680.0,8.14,9.203768430120332,-1.0637684301203318
2010THOM03,exponential,2681.0,7.03,9.20376842992436,-2.173768429924359
2010THOM03,exponential,2682.0,7.47,9.203768429729823,-1.7337684297298237
2010THOM03,exponential,2683.0,8.56,9.203768429536712,-0.6437684295367117
2010THOM03,exponential,2684.0,7.81,9.203768429345017,-1.393768429345017
2010THOM03,exponential,2685.0,8.7,9.203768429154726,-0.5037684291547269
2010THOM03,exponential,2686.0,7.53,9.20376842896583,-1.67376842896583
2010THOM03,exponential,2687.0,7.82,9.203768428778318,-1.3837684287783176
2010THOM03,exponential,2688.0,9.95,9.203768428592182,0.7462315714078169
2010THOM03,exponential,2689.0,10.91,9.20376842840741,1.7062315715925909
2010THOM03,exponential,2690.0,9.55,9.20376842822399,0.34623157177601094
2010THOM03,exponential,2691.0,8.04,9.203768428041917,-1.1637684280419176
2010THOM03,exponential,2692.0,7.57,9.203768427861176,-1.6337684278611757
2010THOM03,exponential,2693.0,13.17,9.203768427681762,3.9662315723182378
2010THOM03,exponential,2694.0,6.98,9.203768427503663,-2.2237684275036624
2010THOM03,exponential,2695.0,11.39,9.203768427326867,2.186231572673133
2010THOM03,exponential,2696.0,7.78,9.203768427151369,-1.4237684271513684
2010THOM03,exponential,2697.0,8.11,9.203768426977156,-1.0937684269771566
2010THOM03,exponential,2698.0,7.49,9.20376842680422,-1.7137684268042204
2010THOM03,exponential,2699.0,8.23,9.203768426632553,-0.973768426632553
2010THOM03,exponential,2700.0,14.32,9.203768426462144,5.116231573537856
2010THOM03,exponential,2701.0,8.07,9.203768426292983,-1.133768426292983
2010THOM03,exponential,2702.0,9.08,9.203768426125063,-0.12376842612506245
2010THOM03,exponential,2703.0,8.36,9.203768425958373,-0.8437684259583733
2010THOM03,exponential,2704.0,6.49,9.203768425792903,-2.713768425792903
2010THOM03,exponential,2705.0,8.05,9.203768425628647,-1.1537684256286465
2010THOM03,exponential,2706.0,6.86,9.203768425465597,-2.343768425465597
2010THOM03,exponential,2707.0,7.41,9.203768425303739,-1.793768425303739
2010THOM03,exponential,2708.0,8.02,9.20376842514307,-1.1837684251430698
2010THOM03,exponential,2709.0,7.83,9.203768424983577,-1.3737684249835773
2010THOM03,exponential,2710.0,13.1,9.203768424825252,3.896231575174747
2010THOM03,exponential,2711.0,9.57,9.20376842466809,0.366231575331911
2010THOM03,exponential,2712.0,7.71,9.203768424512079,-1.493768424512079
2010THOM03,exponential,2713.0,8.54,9.20376842435721,-0.6637684243572117
2010THOM03,exponential,2714.0,9.32,9.203768424203478,0.11623157579652243
2010THOM03,exponential,2715.0,10.13,9.203768424050873,0.926231575949128
2010THOM03,exponential,2716.0,9.55,9.203768423899385,0.3462315761006156
2010THOM03,exponential,2717.0,9.74,9.203768423749008,0.5362315762509926
2010THOM03,exponential,2718.0,9.55,9.203768423599733,0.34623157640026747
2010THOM03,exponential,2719.0,8.16,9.203768423451553,-1.043768423451553
2010THOM03,exponential,2720.0,10.23,9.203768423304458,1.026231576695542
2010THOM03,exponential,2721.0,7.96,9.203768423158442,-1.2437684231584418
2010THOM03,exponential,2722.0,7.8,9.203768423013495,-1.4037684230134948
2010THOM03,exponential,2723.0,11.26,9.203768422869611,2.0562315771303883
2010THOM03,exponential,2724.0,9.65,9.203768422726782,0.4462315772732186
2010THOM03,exponential,2725.0,8.2,9.203768422584998,-1.003768422584999
2010THOM03,exponential,2726.0,11.37,9.203768422444256,2.1662315775557435
2010THOM03,exponential,2727.0,9.72,9.203768422304544,0.5162315776954571
2010THOM03,exponential,2728.0,9.31,9.203768422165856,0.10623157783414428
2010THOM03,exponential,2729.0,8.06,9.203768422028185,-1.1437684220281845
2010THOM03,exponential,2730.0,7.92,9.203768421891523,-1.2837684218915228
2010THOM03,exponential,2731.0,8.42,9.203768421755862,-0.7837684217558625
2010THOM03,exponential,2732.0,8.88,9.203768421621195,-0.32376842162119424
2010THOM03,exponential,2733.0,9.3,9.203768421487517,0.09623157851248365
2010THOM03,exponential,2734.0,9.53,9.203768421354818,0.3262315786451815
2010THOM03,exponential,2735.0,8.35,9.20376842122309,-0.8537684212230907
2010THOM03,exponential,2736.0,7.66,9.20376842109233,-1.543768421092329
2010THOM03,exponential,2737.0,9.18,9.203768420962525,-0.023768420962525738
2010THOM03,exponential,2738.0,7.26,9.203768420833674,-1.943768420833674
2010THOM03,exponential,2739.0,8.7,9.203768420705767,-0.503768420705768
2010THOM03,exponential,2740.0,9.54,9.203768420578799,0.3362315794212005
2010THOM03,exponential,2741.0,8.1,9.203768420452759,-1.1037684204527594
2010THOM03,exponential,2742.0,8.26,9.203768420327643,-0.9437684203276433
2010THOM03,exponential,2743.0,5.2,9.203768420203446,-4.003768420203445
2010THOM03,exponential,2744.0,8.34,9.203768420080157,-0.8637684200801576
2010THOM03,exponential,2745.0,7.28,9.203768419957774,-1.9237684199577734
2010THOM03,exponential,2746.0,7.78,9.203768419836287,-1.4237684198362865
2010THOM03,exponential,2747.0,8.33,9.20376841971569,-0.8737684197156899
2010THOM03,exponential,2748.0,9.47,9.203768419595976,0.2662315804040247
2010THOM03,exponential,2749.0,7.76,9.203768419477141,-1.4437684194771414
2010THOM03,exponential,2750.0,9.1,9.203768419359177,-0.10376841935917724
2010THOM03,exponential,2751.0,8.33,9.203768419242078,-0.8737684192420776
2010THOM03,exponential,2752.0,11.11,9.203768419125835,1.9062315808741648
2010THOM03,exponential,2753.0,8.42,9.203768419010446,-0.7837684190104461
2010THOM03,exponential,2754.0,9.73,9.203768418895901,0.5262315811040992
2010THOM03,exponential,2755.0,7.34,9.203768418782198,-1.8637684187821986
2010THOM03,exponential,2756.0,9.92,9.203768418669327,0.716231581330673
2010THOM03,exponential,2757.0,8.18,9.203768418557283,-1.0237684185572835
2010THOM03,exponential,2758.0,7.19,9.20376841844606,-2.01376841844606
2010THOM03,exponential,2759.0,8.29,9.203768418335654,-0.9137684183356551
2010THOM03,exponential,2760.0,7.17,9.203768418226055,-2.033768418226055
2010THOM03,exponential,2761.0,8.43,9.203768418117262,-0.7737684181172622
2010THOM03,exponential,2762.0,7.94,9.203768418009263,-1.2637684180092625
2010THOM03,exponential,2763.0,9.01,9.203768417902058,-0.19376841790205823
2010THOM03,exponential,2764.0,8.42,9.203768417795638,-0.7837684177956383
2010THOM03,exponential,2765.0,11.24,9.203768417689998,2.036231582310002
2010THOM03,exponential,2766.0,9.17,9.203768417585133,-0.03376841758513294
2010THOM03,exponential,2767.0,8.26,9.203768417481035,-0.943768417481035
2010THOM03,exponential,2768.0,8.03,9.2037684173777,-1.1737684173777012
2010THOM03,exponential,2769.0,9.52,9.203768417275125,0.3162315827248747
2010THOM03,exponential,2770.0,7.17,9.2037684171733,-2.0337684171733006
2010THOM03,exponential,2771.0,9.61,9.20376841707222,0.40623158292777894
2010THOM03,exponential,2772.0,7.97,9.203768416971883,-1.2337684169718832
2010THOM03,exponential,2773.0,9.45,9.20376841687228,0.24623158312771842
2010THOM03,exponential,2774.0,12.23,9.203768416773409,3.0262315832265916
2010THOM03,exponential,2775.0,8.32,9.203768416675262,-0.8837684166752613
2010THOM03,exponential,2776.0,8.96,9.203768416577834,-0.24376841657783288
2010THOM03,exponential,2777.0,8.18,9.20376841648112,-1.0237684164811203
2010THOM03,exponential,2778.0,9.51,9.203768416385113,0.30623158361488656
2010THOM03,exponential,2779.0,8.27,9.203768416289812,-0.9337684162898121
2010THOM03,exponential,2780.0,7.87,9.20376841619521,-1.33376841619521
2010THOM03,exponential,2781.0,8.64,9.2037684161013,-0.5637684161012988
2010THOM03,exponential,2782.0,9.21,9.203768416008078,0.006231583991922918
2010THOM03,exponential,2783.0,7.73,9.20376841591554,-1.47376841591554
2010THOM03,exponential,2784.0,8.84,9.20376841582368,-0.3637684158236798
2010THOM03,exponential,2785.0,10.02,9.203768415732494,0.8162315842675056
2010THOM03,exponential,2786.0,8.12,9.203768415641976,-1.083768415641977
2010THOM03,exponential,2787.0,11.25,9.20376841555212,2.046231584447879
2010THOM03,exponential,2788.0,9.38,9.203768415462925,0.1762315845370761
2010THOM03,exponential,2789.0,11.51,9.203768415374382,2.3062315846256176
2010THOM03,exponential,2790.0,7.62,9.203768415286488,-1.583768415286488
2010THOM03,exponential,2791.0,8.49,9.203768415199239,-0.7137684151992385
2010THOM03,exponential,2792.0,8.93,9.20376841511263,-0.27376841511263095
2010THOM03,exponential,2793.0,8.51,9.203768415026655,-0.6937684150266552
2010THOM03,exponential,2794.0,10.01,9.20376841494131,0.8062315850586899
2010THOM03,exponential,2795.0,8.49,9.20376841485659,-0.7137684148565899
2010THOM03,exponential,2796.0,10.82,9.203768414772492,1.6162315852275082
2010THOM03,exponential,2797.0,10.83,9.20376841468901,1.6262315853109897
2010THOM03,exponential,2798.0,10.38,9.20376841460614,1.176231585393861
2010THOM03,exponential,2799.0,8.69,9.203768414523879,-0.513768414523879
2010THOM03,exponential,2800.0,12.5,9.203768414442218,3.2962315855577824
2010THOM03,exponential,2801.0,7.34,9.203768414361157,-1.8637684143611573
2010THOM03,exponential,2802.0,8.02,9.20376841428069,-1.1837684142806904
2010THOM03,exponential,2803.0,6.81,9.203768414200812,-2.393768414200813
2010THOM03,exponential,2804.0,11.55,9.203768414121521,2.3462315858784795
2010THOM03,exponential,2805.0,7.87,9.20376841404281,-1.3337684140428108
2010THOM03,exponential,2806.0,9.86,9.203768413964676,0.6562315860353234
2010THOM03,exponential,2807.0,5.82,9.203768413887115,-3.3837684138871147
2010THOM03,exponential,2808.0,7.71,9.203768413810122,-1.4937684138101224
2010THOM03,exponential,2809.0,9.52,9.203768413733695,0.316231586266305
2010THOM03,exponential,2810.0,11.89,9.203768413657826,2.686231586342174
2010THOM03,exponential,2811.0,9.59,9.203768413582514,0.3862315864174857
2010THOM03,exponential,2812.0,8.05,9.203768413507754,-1.1537684135077537
2010THOM03,exponential,2813.0,12.12,9.203768413433542,2.9162315865664574
2010THOM03,exponential,2814.0,7.86,9.203768413359875,-1.3437684133598742
2010THOM03,exponential,2815.0,11.89,9.203768413286745,2.686231586713255
2010THOM03,exponential,2816.0,8.97,9.203768413214153,-0.2337684132141522
2010THOM03,exponential,2817.0,8.9,9.203768413142093,-0.3037684131420928
2010THOM03,exponential,2818.0,8.62,9.203768413070561,-0.5837684130705618
2010THOM03,exponential,2819.0,8.5,9.203768412999553,-0.703768412999553
2010THOM03,exponential,2820.0,7.53,9.203768412929067,-1.6737684129290669
2010THOM03,exponential,2821.0,8.46,9.203768412859096,-0.7437684128590956
2010THOM03,exponential,2822.0,8.92,9.203768412789637,-0.2837684127896374
2010THOM03,exponential,2823.0,9.87,9.20376841272069,0.6662315872793094
2010THOM03,exponential,2824.0,8.89,9.203768412652247,-0.3137684126522462
2010THOM03,exponential,2825.0,8.06,9.203768412584305,-1.1437684125843042
2010THOM03,exponential,2826.0,9.92,9.20376841251686,0.71623158748314
2010THOM03,exponential,2827.0,7.42,9.20376841244991,-1.783768412449911
2010THOM03,exponential,2828.0,9.03,9.203768412383452,-0.17376841238345264
2010THOM03,exponential,2829.0,8.21,9.203768412317482,-0.9937684123174808
2010THOM03,exponential,2830.0,9.18,9.203768412251993,-0.023768412251993
2010THOM03,exponential,2831.0,9.22,9.203768412186985,0.01623158781301548
2010THOM03,exponential,2832.0,8.36,9.203768412122454,-0.8437684121224542
2010THOM03,exponential,2833.0,9.51,9.203768412058395,0.3062315879416051
2010THOM03,exponential,2834.0,9.94,9.203768411994806,0.7362315880051931
2010THOM03,exponential,2835.0,7.66,9.203768411931684,-1.5437684119316835
2010THOM03,exponential,2836.0,9.22,9.203768411869023,0.016231588130978025
2010THOM03,exponential,2837.0,12.79,9.203768411806822,3.5862315881931774
2010THOM03,exponential,2838.0,8.02,9.203768411745076,-1.183768411745076
2010THOM03,exponential,2839.0,8.78,9.203768411683784,-0.42376841168378476
2010THOM03,exponential,2840.0,7.75,9.20376841162294,-1.4537684116229403
2010THOM03,exponential,2841.0,8.33,9.203768411562542,-0.8737684115625424
2010THOM03,exponential,2842.0,11.49,9.203768411502589,2.2862315884974116
2010THOM03,exponential,2843.0,8.77,9.203768411443074,-0.433768411443074
2010THOM03,exponential,2844.0,8.44,9.203768411383994,-0.7637684113839942
2010THOM03,exponential,2845.0,10.2,9.203768411325347,0.996231588674652
2010THOM03,exponential,2846.0,11.48,9.20376841126713,2.2762315887328697
2010THOM03,exponential,2847.0,8.93,9.203768411209342,-0.2737684112093426
2010THOM03,exponential,2848.0,7.27,9.203768411151977,-1.933768411151977
2010THOM03,hybrid,1.0,25.93,33.06733323217232,-7.137333232172317
2010THOM03,hybrid,2.0,21.86,27.730528925138394,-5.8705289251383945
2010THOM03,hybrid,3.0,22.77,25.12637415992831,-2.3563741599283112
2010THOM03,hybrid,4.0,28.18,23.47755323389494,4.702446766105059
2010THOM03,hybrid,5.0,20.0,22.301429724301222,-2.3014297243012223
2010THOM03,hybrid,6.0,27.25,21.40226505102542,5.84773494897458
2010THOM03,hybrid,7.0,22.63,20.682816832380034,1.947183167619965
2010THOM03,hybrid,8.0,23.02,20.088296069927207,2.9317039300727927
2010THOM03,hybrid,9.0,19.52,19.58504337225219,-0.06504337225219103
2010THOM03,hybrid,10.0,21.8,19.15102642157045,2.648973578429551
2010THOM03,hybrid,11.0,18.15,18.77110552234902,-0.6211055223490227
2010THOM03,hybrid,12.0,22.08,18.43446923156309,3.6455307684369096
2010THOM03,hybrid,13.0,24.16,18.13315190566941,6.026848094330589
2010THOM03,hybrid,14.0,20.43,17.861130654959297,2.568869345040703
2010THOM03,hybrid,15.0,18.03,17.613751059547504,0.4162489404524976
2010THOM03,hybrid,16.0,18.53,17.38734855518857,1.142651444811431
2010THOM03,hybrid,17.0,19.03,17.178991051193726,1.8510089488062746
2010THOM03,hybrid,18.0,16.16,16.986299281760243,-0.8262992817602424
2010THOM03,hybrid,19.0,18.94,16.80731849900354,2.132681500996462
2010THOM03,hybrid,20.0,22.91,16.640424965476093,6.269575034523907
2010THOM03,hybrid,21.0,17.21,16.484256577868887,0.7257434221311136
2010THOM03,hybrid,22.0,15.65,16.337660566403958,-0.6876605664039577
2010THOM03,hybrid,23.0,19.27,16.199653498071513,3.070346501928487
2010THOM03,hybrid,24.0,17.18,16.069390290947812,1.1106097090521878
2010THOM03,hybrid,25.0,11.94,15.946139925988756,-4.006139925988757
2010THOM03,hybrid,26.0,14.25,15.829266203825501,-1.579266203825501
2010THOM03,hybrid,27.0,13.13,15.718212348555866,-2.5882123485558655
2010THOM03,hybrid,28.0,13.43,15.61248857807528,-2.1824885780752794
2010THOM03,hybrid,29.0,15.65,15.511661985715499,0.13833801428450165
2010THOM03,hybrid,30.0,14.18,15.415348239912618,-1.2353482399126179
2010THOM03,hybrid,31.0,16.27,15.323204726568108,0.9467952734318921
2010THOM03,hybrid,32.0,14.97,15.234924845671475,-0.2649248456714748
2010THOM03,hybrid,33.0,17.56,15.150233238489488,2.409766761510511
2010THOM03,hybrid,34.0,16.03,15.068881770340617,0.9611182296593839
2010THOM03,hybrid,35.0,15.77,14.990646130978444,0.7793538690215556
2010THOM03,hybrid,36.0,14.91,14.915322942968249,-0.005322942968248867
2010THOM03,hybrid,37.0,16.0,14.84272729035682,1.1572727096431805
2010THOM03,hybrid,38.0,16.3,14.772690597003951,1.5273094029960497
2010THOM03,hybrid,39.0,14.66,14.70505879733467,-0.04505879733467033
2010THOM03,hybrid,40.0,15.4,14.639690752849447,0.7603092471505537
2010THOM03,hybrid,41.0,16.11,14.576456876140783,1.533543123859216
2010THOM03,hybrid,42.0,15.68,14.515237930893925,1.1647620691060752
2010THOM03,hybrid,43.0,17.34,14.455923981764949,2.884076018235051
2010THOM03,hybrid,44.0,13.96,14.398413472411814,-0.4384134724118134
2010THOM03,hybrid,45.0,11.44,14.342612413518903,-2.902612413518904
2010THOM03,hybrid,46.0,14.27,14.288433665570345,-0.018433665570345426
2010THOM03,hybrid,47.0,12.34,14.235796303521786,-1.8957963035217862
2010THOM03,hybrid,48.0,15.55,14.184625052496228,1.3653749475037724
2010THOM03,hybrid,49.0,14.3,14.134849785267317,0.16515021473268376
2010THOM03,hybrid,50.0,12.59,14.086405073656548,-1.4964050736565486
2010THOM03,hybrid,51.0,12.41,14.03922978710979,-1.6292297871097894
2010THOM03,hybrid,52.0,11.4,13.993266732673916,-2.593266732673916
2010THOM03,hybrid,53.0,14.24,13.948462331398593,0.29153766860140706
2010THOM03,hybrid,54.0,17.02,13.904766326867625,3.1152336731323746
2010THOM03,hybrid,55.0,15.25,13.86213152214027,1.3878684778597297
2010THOM03,hybrid,56.0,12.5,13.820513541872575,-1.3205135418725753
2010THOM03,hybrid,57.0,13.15,13.779870616806548,-0.6298706168065475
2010THOM03,hybrid,58.0,13.27,13.74016338817244,-0.4701633881724412
2010THOM03,hybrid,59.0,15.28,13.701354729855986,1.5786452701440137
2010THOM03,hybrid,60.0,12.71,13.663409586446374,-0.953409586446373
2010THOM03,hybrid,61.0,23.86,13.626294825508305,10.233705174491694
2010THOM03,hybrid,62.0,14.71,13.589979102618418,1.1200208973815826
2010THOM03,hybrid,63.0,14.86,13.554432737877026,1.305567262122974
2010THOM03,hybrid,64.0,14.63,13.519627602754529,1.110372397245472
2010THOM03,hybrid,65.0,12.83,13.485537016261144,-0.6555370162611442
2010THOM03,hybrid,66.0,11.13,13.4521356495414,-2.3221356495413996
2010THOM03,hybrid,67.0,16.05,13.419399438093714,2.630600561906286
2010THOM03,hybrid,68.0,16.9,13.387305500901931,3.5126944990980675
2010THOM03,hybrid,69.0,13.44,13.355832065841753,0.08416793415824664
2010THOM03,hybrid,70.0,14.91,13.324958400792166,1.585041599207834
2010THOM03,hybrid,71.0,13.93,13.294664749940885,0.6353352500591143
2010THOM03,hybrid,72.0,12.78,13.26493227482522,-0.48493227482522094
2010THOM03,hybrid,73.0,13.41,13.23574299969595,0.1742570003040509
2010THOM03,hybrid,74.0,12.69,13.207079760832888,-0.517079760832889
2010THOM03,hybrid,75.0,14.0,13.178926159477147,0.8210738405228533
2010THOM03,hybrid,76.0,11.8,13.15126651807769,-1.35126651807769
2010THOM03,hybrid,77.0,10.25,13.124085839578573,-2.874085839578573
2010THOM03,hybrid,78.0,10.96,13.097369769499135,-2.1373697694991343
2010THOM03,hybrid,79.0,13.34,13.071104560582453,0.26889543941754646
2010THOM03,hybrid,80.0,11.55,13.04527703980807,-1.4952770398080695
2010THOM03,hybrid,81.0,12.56,13.019874577583522,-0.45987457758352157
2010THOM03,hybrid,82.0,14.93,12.994885058945812,1.935114941054188
2010THOM03,hybrid,83.0,12.28,12.970296856619006,-0.6902968566190069
2010THOM03,hybrid,84.0,12.65,12.946098805787539,-0.29609880578753867
2010THOM03,hybrid,85.0,11.55,12.922280180457005,-1.372280180457004
2010THOM03,hybrid,86.0,8.86,12.898830671285147,-4.038830671285147
2010THOM03,hybrid,87.0,15.21,12.875740364775744,2.3342596352242566
2010THOM03,hybrid,88.0,13.47,12.852999723736968,0.6170002762630329
2010THOM03,hybrid,89.0,10.58,12.830599568913986,-2.2505995689139855
2010THOM03,hybrid,90.0,17.08,12.808531061712944,4.271468938287054
2010THOM03,hybrid,91.0,13.21,12.786785687940158,0.4232143120598426
2010THOM03,hybrid,92.0,14.5,12.765355242486411,1.734644757513589
2010THOM03,hybrid,93.0,14.19,12.744231814891851,1.4457681851081485
2010THOM03,hybrid,94.0,13.84,12.723407775731955,1.1165922242680448
2010THOM03,hybrid,95.0,14.97,12.702875763769715,2.267124236230286
2010THOM03,hybrid,96.0,12.65,12.68262867382334,-0.03262867382333923
2010THOM03,hybrid,97.0,16.15,12.66265964530264,3.487340354697359
2010THOM03,hybrid,98.0,17.28,12.642962051370771,4.63703794862923
2010THOM03,hybrid,99.0,11.93,12.623529488691219,-0.6935294886912189
2010THOM03,hybrid,100.0,11.19,12.604355767722897,-1.4143557677228973
2010THOM03,hybrid,101.0,14.22,12.585434903528858,1.6345650964711425
2010THOM03,hybrid,102.0,9.88,12.5667611070667,-2.6867611070666992
2010THOM03,hybrid,103.0,15.38,12.54832877693093,2.831671223069071
2010THOM03,hybrid,104.0,15.96,12.530132491519737,3.429867508480264
2010THOM03,hybrid,105.0,9.81,12.512167001600487,-2.702167001600486
2010THOM03,hybrid,106.0,13.69,12.494427223250078,1.1955727767499216
2010THOM03,hybrid,107.0,10.88,12.476908231147917,-1.596908231147916
2010THOM03,hybrid,108.0,14.34,12.459605252200777,1.8803947477992224
2010THOM03,hybrid,109.0,11.52,12.442513659480237,-0.9225136594802379
2010THOM03,hybrid,110.0,13.44,12.425628966454639,1.0143710335453608
2010THOM03,hybrid,111.0,10.3,12.408946821498738,-2.108946821498737
2010THOM03,hybrid,112.0,10.83,12.39246300266531,-1.5624630026653108
2010THOM03,hybrid,113.0,12.75,12.376173412703997,0.37382658729600315
2010THOM03,hybrid,114.0,12.17,12.360074074313623,-0.1900740743136229
2010THOM03,hybrid,115.0,12.66,12.344161125615123,0.3158388743848768
2010THOM03,hybrid,116.0,16.85,12.328430815832967,4.521569184167035
2010THOM03,hybrid,117.0,13.29,12.312879501173825,0.9771204988261744
2010THOM03,hybrid,118.0,11.14,12.297503640891819,-1.157503640891818
2010THOM03,hybrid,119.0,13.28,12.282299793530461,0.9977002064695384
2010THOM03,hybrid,120.0,12.36,12.267264613331864,0.09273538666813508
2010THOM03,hybrid,121.0,11.39,12.252394846804545,-0.8623948468045448
2010THOM03,hybrid,122.0,9.83,12.23768732944148,-2.4076873294414796
2010THOM03,hybrid,123.0,16.4,12.223138982580736,4.176861017419263
2010THOM03,hybrid,124.0,9.36,12.20874681040133,-2.8487468104013303
2010THOM03,hybrid,125.0,11.25,12.194507897047483,-0.9445078970474832
2010THOM03,hybrid,126.0,10.74,12.1804194038748,-1.4404194038748006
2010THOM03,hybrid,127.0,12.6,12.166478566812259,0.4335214331877406
2010THOM03,hybrid,128.0,9.7,12.152682693834306,-2.4526826938343067
2010THOM03,hybrid,129.0,12.5,12.139029162537616,0.3609708374623839
2010THOM03,hybrid,130.0,13.75,12.125515417817429,1.6244845821825713
2010THOM03,hybrid,131.0,13.41,12.112138969638611,1.2978610303613891
2010THOM03,hybrid,132.0,13.19,12.098897390896934,1.091102609103066
2010THOM03,hybrid,133.0,13.0,12.085788315366212,0.9142116846337878
2010THOM03,hybrid,134.0,10.66,12.07280943572729,-1.41280943572729
2010THOM03,hybrid,135.0,11.54,12.059958501674993,-0.5199585016749939
2010THOM03,hybrid,136.0,15.79,12.047233318099423,3.7427666819005765
2010THOM03,hybrid,137.0,11.31,12.034631743338148,-0.7246317433381471
2010THOM03,hybrid,138.0,11.55,12.022151687496049,-0.47215168749604786
2010THOM03,hybrid,139.0,15.13,12.009791110829696,3.1202088891703053
2010THOM03,hybrid,140.0,10.2,11.997548022193374,-1.797548022193375
2010THOM03,hybrid,141.0,12.21,11.985420477543954,0.22457952245604673
2010THOM03,hybrid,142.0,12.17,11.973406578501995,0.19659342149800452
2010THOM03,hybrid,143.0,13.56,11.961504470966581,1.5984955290334195
2010THOM03,hybrid,144.0,16.24,11.949712343781522,4.290287656218476
2010THOM03,hybrid,145.0,12.56,11.938028427450682,0.6219715725493185
2010THOM03,hybrid,146.0,13.84,11.926450992900278,1.9135490070997214
2010THOM03,hybrid,147.0,11.73,11.914978350286166,-0.1849783502861655
2010THOM03,hybrid,148.0,10.43,11.903608847844126,-1.473608847844126
2010THOM03,hybrid,149.0,13.09,11.89234087078138,1.1976591292186196
2010THOM03,hybrid,150.0,20.27,11.88117284020754,8.38882715979246
2010THOM03,hybrid,151.0,50.07,11.870103212103384,38.19989678789662
2010THOM03,hybrid,152.0,10.8,11.859130476325841,-1.0591304763258407
2010THOM03,hybrid,153.0,11.92,11.848253155647702,0.0717468443522975
2010THOM03,hybrid,154.0,19.26,11.83746980483063,7.422530195169372
2010THOM03,hybrid,155.0,11.74,11.826779009730089,-0.08677900973008867
2010THOM03,hybrid,156.0,9.83,11.816179386430932,-1.9861793864309316
2010THOM03,hybrid,157.0,11.92,11.805669580412347,0.11433041958765244
2010THOM03,hybrid,158.0,8.12,11.795248265741062,-3.675248265741063
2010THOM03,hybrid,159.0,15.59,11.784914144291601,3.8050858557083984
2010THOM03,hybrid,160.0,11.41,11.774665944992593,-0.3646659449925931
2010THOM03,hybrid,161.0,12.11,11.764502423098037,0.3454975769019626
2010THOM03,hybrid,162.0,9.91,11.754422359482628,-1.8444223594826283
2010THOM03,hybrid,163.0,11.24,11.744424559960109,-0.5044245599601087
2010THOM03,hybrid,164.0,11.22,11.73450785462386,-0.5145078546238597
2010THOM03,hybrid,165.0,13.17,11.724671097208795,1.4453289027912053
2010THOM03,hybrid,166.0,12.12,11.714913164473781,0.4050868355262178
2010THOM03,hybrid,167.0,11.8,11.705232955603812,0.09476704439618899
2010THOM03,hybrid,168.0,8.93,11.695629391631162,-2.765629391631162
2010THOM03,hybrid,169.0,11.23,11.686101414874841,-0.45610141487484057
2010THOM03,hybrid,170.0,11.66,11.67664798839763,-0.016647988397629376
2010THOM03,hybrid,171.0,12.33,11.667268095480093,0.6627319045199069
2010THOM03,hybrid,172.0,14.15,11.657960739110878,2.492039260889122
2010THOM03,hybrid,173.0,11.58,11.648724941492787,-0.0687249414927873
2010THOM03,hybrid,174.0,12.91,11.63955974356396,1.2704402564360393
2010THOM03,hybrid,175.0,11.5,11.630464204533688,-0.13046420453368768
2010THOM03,hybrid,176.0,11.86,11.621437401432285,0.23856259856771445
2010THOM03,hybrid,177.0,13.31,11.612478428674567,1.6975215713254332
2010THOM03,hybrid,178.0,11.93,11.603586397636377,0.3264136023636226
2010THOM03,hybrid,179.0,13.24,11.594760436243767,1.645239563756233
2010THOM03,hybrid,180.0,13.42,11.585999688574361,1.8340003114256387
2010THOM03,hybrid,181.0,10.17,11.57730331447046,-1.4073033144704592
2010THOM03,hybrid,182.0,13.97,11.568670489163502,2.401329510836499
2010THOM03,hybrid,183.0,8.66,11.560100402909475,-2.900100402909475
2010THOM03,hybrid,184.0,10.3,11.5515922606349,-1.251592260634899
2010THOM03,hybrid,185.0,8.66,11.543145281593036,-2.883145281593036
2010THOM03,hybrid,186.0,9.33,11.534758699029942,-2.2047586990299415
2010THOM03,hybrid,187.0,14.56,11.526431759860074,3.0335682401399264
2010THOM03,hybrid,188.0,11.0,11.518163724351092,-0.5181637243510924
2010THOM03,hybrid,189.0,13.0,11.509953865817566,1.4900461341824336
2010THOM03,hybrid,190.0,16.85,11.501801470323286,5.348198529676715
2010THOM03,hybrid,191.0,8.75,11.493705836391882,-2.7437058363918823
2010THOM03,hybrid,192.0,8.98,11.485666274725517,-2.5056662747255167
2010THOM03,hybrid,193.0,9.13,11.477682107931308,-2.3476821079313073
2010THOM03,hybrid,194.0,11.36,11.469752670255328,-0.10975267025532887
2010THOM03,hybrid,195.0,10.6,11.46187730732385,-0.8618773073238497
2010THOM03,hybrid,196.0,12.4,11.454055375891645,0.9459446241083551
2010THOM03,hybrid,197.0,11.18,11.446286243597116,-0.2662862435971167
2010THOM03,hybrid,198.0,8.72,11.438569288724008,-2.718569288724007
2010THOM03,hybrid,199.0,10.0,11.430903899969513,-1.430903899969513
2010THOM03,hybrid,200.0,11.35,11.423289476218583,-0.07328947621858362
2010THOM03,hybrid,201.0,9.85,11.415725426324208,-1.5657254263242084
2010THOM03,hybrid,202.0,10.35,11.408211168893512,-1.0582111688935125
2010THOM03,hybrid,203.0,14.21,11.400746132079476,2.809253867920525
2010THOM03,hybrid,204.0,14.0,11.393329753378094,2.6066702466219063
2010THOM03,hybrid,205.0,9.47,11.38596147943083,-1.9159614794308286
2010THOM03,hybrid,206.0,11.12,11.37864076583217,-0.25864076583217077
2010THOM03,hybrid,207.0,11.05,11.371367076942153,-0.3213670769421526
2010THOM03,hybrid,208.0,8.99,11.364139885703702,-2.374139885703702
2010THOM03,hybrid,209.0,11.59,11.356958673464622,0.23304132653537835
2010THOM03,hybrid,210.0,9.9,11.34982292980412,-1.4498229298041192
2010THOM03,hybrid,211.0,10.62,11.342732152363709,-0.7227321523637098
2010THOM03,hybrid,212.0,10.97,11.33568584668238,-0.36568584668238024
2010THOM03,hybrid,213.0,12.29,11.328683526035888,0.9613164739641107
2010THOM03,hybrid,214.0,10.45,11.321724711280051,-0.8717247112800521
2010THOM03,hybrid,215.0,13.57,11.314808930697945,2.2551910693020556
2010THOM03,hybrid,216.0,11.09,11.307935719850864,-0.21793571985086402
2010THOM03,hybrid,217.0,14.12,11.301104621432948,2.818895378567051
2010THOM03,hybrid,218.0,12.8,11.294315185129376,1.5056848148706248
2010THOM03,hybrid,219.0,9.69,11.287566967477995,-1.597566967477995
2010THOM03,hybrid,220.0,9.49,11.28085953173433,-1.7908595317343305
2010THOM03,hybrid,221.0,13.95,11.274192447739837,2.675807552260162
2010THOM03,hybrid,222.0,10.08,11.267565291793325,-1.1875652917933248
2010THOM03,hybrid,223.0,10.85,11.260977646525452,-0.41097764652545266
2010THOM03,hybrid,224.0,9.96,11.254429100776225,-1.2944291007762239
2010THOM03,hybrid,225.0,11.69,11.247919249475377,0.4420807505246227
2010THOM03,hybrid,226.0,10.95,11.241447693525608,-0.2914476935256083
2010THOM03,hybrid,227.0,11.85,11.235014039688522,0.6149859603114773
2010THOM03,hybrid,228.0,11.78,11.22861790047328,0.5513820995267196
2010THOM03,hybrid,229.0,13.39,11.22225889402781,2.1677411059721905
2010THOM03,hybrid,230.0,10.01,11.21593664403257,-1.2059366440325707
2010THOM03,hybrid,231.0,11.69,11.209650779596736,0.480349220403264
2010THOM03,hybrid,232.0,11.51,11.203400935156807,0.30659906484319244
2010THOM03,hybrid,233.0,11.4,11.197186750377508,0.20281324962249236
2010THOM03,hybrid,234.0,11.45,11.191007870054964,0.2589921299450353
2010THOM03,hybrid,235.0,16.37,11.184863944022071,5.18513605597793
2010THOM03,hybrid,236.0,13.4,11.178754627056005,2.2212453729439954
2010THOM03,hybrid,237.0,9.85,11.172679578787811,-1.3226795787878114
2010THOM03,hybrid,238.0,10.3,11.166638463614024,-0.8666384636140236
2010THOM03,hybrid,239.0,10.88,11.160630950610255,-0.280630950610254
2010THOM03,hybrid,240.0,8.69,11.154656713446705,-2.464656713446706
2010THOM03,hybrid,241.0,12.13,11.148715430305552,0.9812845696944485
2010THOM03,hybrid,242.0,11.18,11.142806783800143,0.037193216199856494
2010THOM03,hybrid,243.0,10.02,11.136930460895986,-1.1169304608959862
2010THOM03,hybrid,244.0,14.11,11.13108615283343,2.97891384716657
2010THOM03,hybrid,245.0,10.87,11.125273555052088,-0.2552735550520886
2010THOM03,hybrid,246.0,11.02,11.11949236711683,-0.09949236711683085
2010THOM03,hybrid,247.0,11.27,11.113742292645433,0.15625770735456612
2010THOM03,hybrid,248.0,12.46,11.10802303923775,1.3519769607622507
2010THOM03,hybrid,249.0,10.01,11.102334318406413,-1.0923343184064134
2010THOM03,hybrid,250.0,9.48,11.096675845509012,-1.6166758455090111
2010THOM03,hybrid,251.0,14.31,11.091047339681712,3.2189526603182887
2010THOM03,hybrid,252.0,13.09,11.085448523774287,2.0045514762257124
2010THOM03,hybrid,253.0,11.25,11.0798791242865,0.17012087571350065
2010THOM03,hybrid,254.0,13.13,11.074338871305846,2.0556611286941546
2010THOM03,hybrid,255.0,10.03,11.068827498446577,-1.0388274984465777
2010THOM03,hybrid,256.0,13.25,11.063344742790013,2.1866552572099867
2010THOM03,hybrid,257.0,13.13,11.057890344826081,2.0721096551739198
2010THOM03,hybrid,258.0,12.08,11.052464048396072,1.0275359516039284
2010THOM03,hybrid,259.0,10.54,11.047065600636556,-0.5070656006365564
2010THOM03,hybrid,260.0,12.62,11.041694751924485,1.5783052480755142
2010THOM03,hybrid,261.0,10.72,11.03635125582338,-0.3163512558233794
2010THOM03,hybrid,262.0,12.27,11.031034869030641,1.2389651309693583
2010THOM03,hybrid,263.0,10.59,11.025745351325904,-0.4357453513259042
2010THOM03,hybrid,264.0,10.95,11.020482465520459,-0.07048246552045967
2010THOM03,hybrid,265.0,9.82,11.01524597740768,-1.19524597740768
2010THOM03,hybrid,266.0,11.04,11.010035655714447,0.029964344285552613
2010THOM03,hybrid,267.0,10.68,11.004851272053536,-0.3248512720535359
2010THOM03,hybrid,268.0,9.68,10.999692600876966,-1.3196926008769658
2010THOM03,hybrid,269.0,11.72,10.99455941943026,0.7254405805697406
2010THOM03,hybrid,270.0,11.15,10.989451507707628,0.16054849229237256
2010THOM03,hybrid,271.0,10.22,10.984368648408003,-0.7643686484080021
2010THOM03,hybrid,272.0,9.23,10.97931062689196,-1.74931062689196
2010THOM03,hybrid,273.0,13.22,10.974277231139485,2.2457227688605155
2010THOM03,hybrid,274.0,11.36,10.969268251708538,0.3907317482914614
2010THOM03,hybrid,275.0,12.23,10.964283481694439,1.2657165183055614
2010THOM03,hybrid,276.0,9.58,10.959322716690043,-1.3793227166900426
2010THOM03,hybrid,277.0,9.56,10.95438575474666,-1.3943857547466596
2010THOM03,hybrid,278.0,9.04,10.949472396335757,-1.909472396335758
2010THOM03,hybrid,279.0,11.64,10.944582444311358,0.6954175556886426
2010THOM03,hybrid,280.0,10.39,10.939715703873183,-0.5497157038731828
2010THOM03,hybrid,281.0,11.59,10.934871982530481,0.6551280174695187
2010THOM03,hybrid,282.0,10.66,10.930051090066542,-0.2700510900665414
2010THOM03,hybrid,283.0,8.62,10.925252838503884,-2.3052528385038844
2010THOM03,hybrid,284.0,9.97,10.9204770420701,-0.9504770420700996
2010THOM03,hybrid,285.0,12.86,10.915723517164315,1.9442764828356847
2010THOM03,hybrid,286.0,12.75,10.910992082324316,1.8390079176756835
2010THOM03,hybrid,287.0,10.69,10.906282558194242,-0.21628255819424247
2010THOM03,hybrid,288.0,11.02,10.901594767492917,0.11840523250708301
2010THOM03,hybrid,289.0,9.26,10.896928534982731,-1.6369285349827312
2010THOM03,hybrid,290.0,8.37,10.892283687439118,-2.522283687439119
2010THOM03,hybrid,291.0,10.01,10.88766005362059,-0.8776600536205894
2010THOM03,hybrid,292.0,8.26,10.883057464239293,-2.6230574642392934
2010THOM03,hybrid,293.0,8.95,10.87847575193215,-1.928475751932151
2010THOM03,hybrid,294.0,10.0,10.873914751232467,-0.8739147512324674
2010THOM03,hybrid,295.0,10.52,10.869374298542105,-0.3493742985421058
2010THOM03,hybrid,296.0,10.08,10.864854232104111,-0.7848542321041112
2010THOM03,hybrid,297.0,10.87,10.860354391975878,0.009645608024120733
2010THOM03,hybrid,298.0,9.04,10.855874620002755,-1.8158746200027558
2010THOM03,hybrid,299.0,13.02,10.85141475979215,2.1685852402078503
2010THOM03,hybrid,300.0,11.19,10.846974656688069,0.3430253433119308
2010THOM03,hybrid,301.0,11.74,10.842554157746141,0.8974458422538589
2010THOM03,hybrid,302.0,9.66,10.838153111709047,-1.1781531117090474
2010THOM03,hybrid,303.0,10.0,10.833771368982406,-0.833771368982406
2010THOM03,hybrid,304.0,10.58,10.829408781611075,-0.24940878161107527
2010THOM03,hybrid,305.0,9.76,10.825065203255864,-1.0650652032558643
2010THOM03,hybrid,306.0,8.98,10.82074048917066,-1.8407404891706598
2010THOM03,hybrid,307.0,10.32,10.81643449617994,-0.4964344961799405
2010THOM03,hybrid,308.0,11.18,10.812147082656693,0.3678529173433063
2010THOM03,hybrid,309.0,10.26,10.807878108500693,-0.5478781085006936
2010THOM03,hybrid,310.0,8.6,10.803627435117175,-2.203627435117175
2010THOM03,hybrid,311.0,11.55,10.799394925395852,0.7506050746041488
2010THOM03,hybrid,312.0,10.25,10.79518044369032,-0.5451804436903203
2010THOM03,hybrid,313.0,8.13,10.790983855797778,-2.6609838557977774
2010THOM03,hybrid,314.0,8.96,10.786805028939124,-1.8268050289391233
2010THOM03,hybrid,315.0,9.32,10.782643831739371,-1.4626438317393706
2010THOM03,hybrid,316.0,9.33,10.778500134208393,-1.448500134208393
2010THOM03,hybrid,317.0,9.08,10.774373807722009,-1.694373807722009
2010THOM03,hybrid,318.0,10.0,10.770264725003367,-0.7702647250033667
2010THOM03,hybrid,319.0,10.24,10.766172760104652,-0.526172760104652
2010THOM03,hybrid,320.0,9.95,10.762097788389088,-0.8120977883890887
2010THOM03,hybrid,321.0,8.49,10.75803968651325,-2.2680396865132497
2010THOM03,hybrid,322.0,10.78,10.753998332409664,0.026001667590335842
2010THOM03,hybrid,323.0,11.02,10.749973605269691,0.27002639473030854
2010THOM03,hybrid,324.0,9.85,10.745965385526699,-0.8959653855266989
2010THOM03,hybrid,325.0,12.95,10.7419735548395,2.208026445160499
2010THOM03,hybrid,326.0,10.03,10.737997996076084,-0.7079979960760845
2010THOM03,hybrid,327.0,11.74,10.734038593297576,1.0059614067024238
2010THOM03,hybrid,328.0,9.61,10.7300952317425,-1.1200952317425
2010THOM03,hybrid,329.0,10.2,10.72616779781126,-0.5261677978112616
2010THOM03,hybrid,330.0,9.23,10.722256179050902,-1.4922561790509015
2010THOM03,hybrid,331.0,9.31,10.718360264140092,-1.4083602641400912
2010THOM03,hybrid,332.0,14.27,10.714479942874364,3.5555200571256353
2010THOM03,hybrid,333.0,12.99,10.710615106151586,2.2793848938484143
2010THOM03,hybrid,334.0,12.23,10.70676564595766,1.5232343540423408
2010THOM03,hybrid,335.0,9.63,10.702931455352461,-1.0729314553524603
2010THOM03,hybrid,336.0,8.53,10.69911242845598,-2.16911242845598
2010THOM03,hybrid,337.0,9.92,10.695308460434706,-0.7753084604347062
2010THOM03,hybrid,338.0,8.89,10.69151944748821,-1.801519447488209
2010THOM03,hybrid,339.0,9.33,10.687745286835943,-1.357745286835943
2010THOM03,hybrid,340.0,10.38,10.683985876704249,-0.3039858767042478
2010THOM03,hybrid,341.0,10.21,10.680241116313562,-0.47024111631356114
2010THOM03,hybrid,342.0,8.7,10.676510905865833,-1.9765109058658332
2010THOM03,hybrid,343.0,7.81,10.672795146532108,-2.8627951465321084
2010THOM03,hybrid,344.0,9.28,10.669093740440356,-1.389093740440357
2010THOM03,hybrid,345.0,10.68,10.665406590663428,0.014593409336571384
2010THOM03,hybrid,346.0,6.21,10.661733601207244,-4.451733601207244
2010THOM03,hybrid,347.0,10.63,10.658074676999135,-0.02807467699913424
2010THOM03,hybrid,348.0,11.2,10.654429723876381,0.5455702761236179
2010THOM03,hybrid,349.0,11.59,10.650798648574913,0.939201351425087
2010THOM03,hybrid,350.0,13.67,10.647181358718193,3.022818641281807
2010THOM03,hybrid,351.0,9.86,10.64357776280626,-0.7835777628062601
2010THOM03,hybrid,352.0,9.94,10.639987770204941,-0.6999877702049417
2010THOM03,hybrid,353.0,12.81,10.636411291135232,2.1735887088647683
2010THOM03,hybrid,354.0,9.73,10.63284823666283,-0.9028482366628303
2010THOM03,hybrid,355.0,9.69,10.629298518687829,-0.9392985186878295
2010THOM03,hybrid,356.0,12.45,10.625762049934563,1.8242379500654362
2010THOM03,hybrid,357.0,9.65,10.62223874394161,-0.9722387439416096
2010THOM03,hybrid,358.0,10.55,10.618728515051936,-0.06872851505193545
2010THOM03,hybrid,359.0,11.04,10.615231278403195,0.4247687215968039
2010THOM03,hybrid,360.0,8.69,10.611746949918162,-1.9217469499181625
2010THOM03,hybrid,361.0,11.45,10.608275446295316,0.8417245537046831
2010THOM03,hybrid,362.0,9.88,10.604816684999555,-0.7248166849995545
2010THOM03,hybrid,363.0,8.59,10.601370584253054,-2.0113705842530543
2010THOM03,hybrid,364.0,9.39,10.59793706302625,-1.2079370630262503
2010THOM03,hybrid,365.0,10.22,10.594516041028967,-0.37451604102896674
2010THOM03,hybrid,366.0,12.98,10.59110743870166,2.3888925612983396
2010THOM03,hybrid,367.0,11.28,10.587711177206799,0.6922888227932003
2010THOM03,hybrid,368.0,9.28,10.584327178420358,-1.3043271784203583
2010THOM03,hybrid,369.0,10.15,10.580955364923458,-0.43095536492345765
2010THOM03,hybrid,370.0,8.98,10.577595659994097,-1.5975956599940968
2010THOM03,hybrid,371.0,8.68,10.57424798759902,-1.8942479875990195
2010THOM03,hybrid,372.0,9.94,10.570912272385694,-0.6309122723856948
2010THOM03,hybrid,373.0,11.04,10.567588439674417,0.4724115603255825
2010THOM03,hybrid,374.0,9.89,10.564276415450507,-0.6742764154505068
2010THOM03,hybrid,375.0,9.6,10.560976126356637,-0.9609761263566376
2010THOM03,hybrid,376.0,11.96,10.557687499685253,1.402312500314748
2010THOM03,hybrid,377.0,9.53,10.55441046337111,-1.02441046337111
2010THOM03,hybrid,378.0,15.05,10.551144945983918,4.498855054016083
2010THOM03,hybrid,379.0,9.94,10.547890876721073,-0.6078908767210738
2010THOM03,hybrid,380.0,11.16,10.54464818540052,0.6153518145994799
2010THOM03,hybrid,381.0,8.28,10.541416802453682,-2.2614168024536827
2010THOM03,hybrid,382.0,10.07,10.538196658918514,-0.46819665891851336
2010THOM03,hybrid,383.0,9.01,10.534987686432638,-1.5249876864326382
2010THOM03,hybrid,384.0,10.43,10.531789817226585,-0.1017898172265852
2010THOM03,hybrid,385.0,11.41,10.528602984117118,0.8813970158828823
2010THOM03,hybrid,386.0,10.28,10.525427120500662,-0.24542712050066307
2010THOM03,hybrid,387.0,9.56,10.522262160346806,-0.9622621603468051
2010THOM03,hybrid,388.0,9.75,10.519108038191913,-0.7691080381919129
2010THOM03,hybrid,389.0,7.89,10.51596468913281,-2.62596468913281
2010THOM03,hybrid,390.0,8.51,10.512832048820556,-2.002832048820556
2010THOM03,hybrid,391.0,10.91,10.50971005345431,0.4002899465456906
2010THOM03,hybrid,392.0,10.77,10.50659863977527,0.26340136022473004
2010THOM03,hybrid,393.0,10.65,10.503497745060702,0.14650225493929803
2010THOM03,hybrid,394.0,9.87,10.500407307118047,-0.6304073071180483
2010THOM03,hybrid,395.0,10.89,10.49732726427911,0.39267273572089145
2010THOM03,hybrid,396.0,11.0,10.494257555394313,0.5057424446056871
2010THOM03,hybrid,397.0,9.4,10.491198119827054,-1.0911981198270535
2010THOM03,hybrid,398.0,9.12,10.488148897448117,-1.3681488974481173
2010THOM03,hybrid,399.0,10.53,10.485109828630158,0.044890171369841525
2010THOM03,hybrid,400.0,11.32,10.482080854242277,0.8379191457577235
2010THOM03,hybrid,401.0,14.01,10.479061915644664,3.530938084355336
2010THOM03,hybrid,402.0,8.74,10.476052954683288,-1.736052954683288
2010THOM03,hybrid,403.0,10.2,10.473053913684694,-0.273053913684695
2010THOM03,hybrid,404.0,11.24,10.470064735450848,0.7699352645491526
2010THOM03,hybrid,405.0,8.21,10.467085363254041,-2.25708536325404
2010THOM03,hybrid,406.0,8.32,10.464115740831886,-2.144115740831886
2010THOM03,hybrid,407.0,8.81,10.461155812382362,-1.6511558123823615
2010THOM03,hybrid,408.0,10.29,10.458205522558918,-0.16820552255891918
2010THOM03,hybrid,409.0,8.81,10.455264816465666,-1.6452648164656658
2010THOM03,hybrid,410.0,10.79,10.452333639652608,0.3376663603473915
2010THOM03,hybrid,411.0,10.32,10.44941193811094,-0.12941193811093932
2010THOM03,hybrid,412.0,8.17,10.446499658268415,-2.276499658268415
2010THOM03,hybrid,413.0,9.83,10.44359674698477,-0.6135967469847703
2010THOM03,hybrid,414.0,10.13,10.440703151547194,-0.31070315154719275
2010THOM03,hybrid,415.0,9.65,10.437818819665882,-0.7878188196658815
2010THOM03,hybrid,416.0,8.86,10.43494369946962,-1.574943699469621
2010THOM03,hybrid,417.0,8.1,10.432077739501441,-2.3320777395014414
2010THOM03,hybrid,418.0,9.88,10.429220888714338,-0.5492208887143377
2010THOM03,hybrid,419.0,10.26,10.426373096467017,-0.1663730964670176
2010THOM03,hybrid,420.0,11.49,10.423534312519719,1.0664656874802816
2010THOM03,hybrid,421.0,12.3,10.42070448703009,1.879295512969911
2010THOM03,hybrid,422.0,9.85,10.4178835705491,-0.5678835705490997
2010THOM03,hybrid,423.0,8.81,10.415071514017015,-1.6050715140170144
2010THOM03,hybrid,424.0,8.94,10.412268268759426,-1.4722682687594268
2010THOM03,hybrid,425.0,11.81,10.409473786483318,1.4005262135166827
2010THOM03,hybrid,426.0,10.61,10.406688019273187,0.2033119807268129
2010THOM03,hybrid,427.0,8.96,10.403910919587226,-1.4439109195872248
2010THOM03,hybrid,428.0,9.5,10.40114244025353,-0.9011424402535297
2010THOM03,hybrid,429.0,9.99,10.398382534466368,-0.40838253446636763
2010THOM03,hybrid,430.0,13.48,10.395631155782493,3.084368844217508
2010THOM03,hybrid,431.0,13.11,10.392888258117498,2.7171117418825013
2010THOM03,hybrid,432.0,9.61,10.390153795742224,-0.7801537957422244
2010THOM03,hybrid,433.0,10.14,10.3874277232792,-0.24742772327920015
2010THOM03,hybrid,434.0,11.79,10.384709995699144,1.4052900043008556
2010THOM03,hybrid,435.0,9.55,10.382000568317478,-0.8320005683174774
2010THOM03,hybrid,436.0,10.68,10.379299396790927,0.3007006032090729
2010THOM03,hybrid,437.0,9.84,10.376606437114116,-0.5366064371141164
2010THOM03,hybrid,438.0,11.21,10.373921645616246,0.8360783543837549
2010THOM03,hybrid,439.0,9.44,10.371244978957774,-0.9312449789577748
2010THOM03,hybrid,440.0,10.96,10.368576394127176,0.5914236058728246
2010THOM03,hybrid,441.0,11.17,10.365915848437707,0.804084151562293
2010THOM03,hybrid,442.0,10.19,10.363263299524224,-0.17326329952422448
2010THOM03,hybrid,443.0,9.84,10.360618705340048,-0.5206187053400484
2010THOM03,hybrid,444.0,9.73,10.357982024153848,-0.6279820241538481
2010THOM03,hybrid,445.0,8.95,10.35535321454658,-1.4053532145465812
2010THOM03,hybrid,446.0,8.02,10.352732235408451,-2.332732235408452
2010THOM03,hybrid,447.0,10.78,10.350119045935923,0.42988095406407645
2010THOM03,hybrid,448.0,7.56,10.347513605628752,-2.787513605628752
2010THOM03,hybrid,449.0,8.44,10.34491587428706,-1.9049158742870613
2010THOM03,hybrid,450.0,8.83,10.342325812008461,-1.512325812008461
2010THOM03,hybrid,451.0,8.0,10.339743379185174,-2.3397433791851743
2010THOM03,hybrid,452.0,9.9,10.33716853650123,-0.437168536501229
2010THOM03,hybrid,453.0,8.67,10.334601244929662,-1.6646012449296617
2010THOM03,hybrid,454.0,14.94,10.332041465729759,4.6079585342702405
2010THOM03,hybrid,455.0,7.81,10.329489160444338,-2.519489160444338
2010THOM03,hybrid,456.0,9.81,10.326944290897051,-0.516944290897051
2010THOM03,hybrid,457.0,8.62,10.324406819189727,-1.7044068191897281
2010THOM03,hybrid,458.0,11.35,10.321876707699733,1.0281232923002666
2010THOM03,hybrid,459.0,8.33,10.319353919077388,-1.989353919077388
2010THOM03,hybrid,460.0,9.08,10.316838416243376,-1.2368384162433763
2010THOM03,hybrid,461.0,8.72,10.314330162386224,-1.594330162386223
2010THOM03,hybrid,462.0,10.8,10.311829120959779,0.48817087904022216
2010THOM03,hybrid,463.0,9.73,10.309335255680729,-0.5793352556807285
2010THOM03,hybrid,464.0,9.17,10.306848530526155,-1.136848530526155
2010THOM03,hybrid,465.0,7.53,10.3043689097311,-2.7743689097310993
2010THOM03,hybrid,466.0,10.18,10.301896357786173,-0.12189635778617358
2010THOM03,hybrid,467.0,10.46,10.29943083943518,0.16056916056482073
2010THOM03,hybrid,468.0,8.24,10.296972319672783,-2.0569723196727825
2010THOM03,hybrid,469.0,8.53,10.294520763742177,-1.764520763742178
2010THOM03,hybrid,470.0,10.67,10.29207613713281,0.37792386286719015
2010THOM03,hybrid,471.0,9.6,10.28963840557811,-0.6896384055781102
2010THOM03,hybrid,472.0,10.98,10.28720753505325,0.6927924649467503
2010THOM03,hybrid,473.0,9.68,10.284783491772934,-0.6047834917729347
2010THOM03,hybrid,474.0,11.31,10.28236624218921,1.02763375781079
2010THOM03,hybrid,475.0,7.94,10.279955752989308,-2.339955752989307
2010THOM03,hybrid,476.0,9.54,10.27755199109349,-0.7375519910934916
2010THOM03,hybrid,477.0,9.66,10.275154923652952,-0.6151549236529519
2010THOM03,hybrid,478.0,13.32,10.272764518047714,3.0472354819522867
2010THOM03,hybrid,479.0,9.89,10.270380741884559,-0.38038074188455795
2010THOM03,hybrid,480.0,8.45,10.268003562994991,-1.818003562994992
2010THOM03,hybrid,481.0,9.56,10.26563294943321,-0.705632949433209
2010THOM03,hybrid,482.0,8.76,10.263268869474102,-1.5032688694741019
2010THOM03,hybrid,483.0,11.0,10.26091129161127,0.7390887083887296
2010THOM03,hybrid,484.0,11.88,10.258560184555078,1.6214398154449228
2010THOM03,hybrid,485.0,12.24,10.256215517230709,1.9837844827692912
2010THOM03,hybrid,486.0,11.9,10.253877258776255,1.6461227412237456
2010THOM03,hybrid,487.0,11.41,10.25154537854082,1.15845462145918
2010THOM03,hybrid,488.0,9.35,10.249219846082655,-0.899219846082655
2010THOM03,hybrid,489.0,11.5,10.246900631167296,1.2530993688327037
2010THOM03,hybrid,490.0,10.52,10.244587703765744,0.275412296234256
2010THOM03,hybrid,491.0,9.02,10.242281034052636,-1.2222810340526369
2010THOM03,hybrid,492.0,9.52,10.239980592404473,-0.7199805924044735
2010THOM03,hybrid,493.0,10.32,10.237686349397828,0.08231365060217222
2010THOM03,hybrid,494.0,9.32,10.235398275807606,-0.9153982758076058
2010THOM03,hybrid,495.0,8.93,10.233116342605301,-1.3031163426053016
2010THOM03,hybrid,496.0,10.73,10.230840520957285,0.4991594790427154
2010THOM03,hybrid,497.0,8.58,10.228570782223104,-1.6485707822231035
2010THOM03,hybrid,498.0,8.21,10.2263070979538,-2.016307097953799
2010THOM03,hybrid,499.0,10.35,10.224049439890255,0.1259505601097448
2010THOM03,hybrid,500.0,7.01,10.221797779961541,-3.2117977799615414
2010THOM03,hybrid,501.0,8.95,10.219552090283296,-1.2695520902832964
2010THOM03,hybrid,502.0,12.35,10.217312343156106,2.1326876568438937
2010THOM03,hybrid,503.0,9.33,10.21507851106393,-0.8850785110639308
2010THOM03,hybrid,504.0,8.71,10.21285056667251,-1.5028505666725085
2010THOM03,hybrid,505.0,9.42,10.210628482827815,-0.790628482827815
2010THOM03,hybrid,506.0,11.13,10.208412232554501,0.9215877674454998
2010THOM03,hybrid,507.0,8.95,10.20620178905439,-1.2562017890543906
2010THOM03,hybrid,508.0,8.57,10.203997125704946,-1.633997125704946
2010THOM03,hybrid,509.0,9.83,10.201798216057794,-0.37179821605779395
2010THOM03,hybrid,510.0,8.67,10.199605033837232,-1.5296050338372318
2010THOM03,hybrid,511.0,8.14,10.197417552938774,-2.057417552938773
2010THOM03,hybrid,512.0,7.78,10.1952357474277,-2.4152357474277
2010THOM03,hybrid,513.0,7.29,10.193059591537622,-2.9030595915376223
2010THOM03,hybrid,514.0,11.36,10.190889059669065,1.1691109403309348
2010THOM03,hybrid,515.0,10.84,10.188724126388063,0.6512758736119366
2010THOM03,hybrid,516.0,8.5,10.186564766424778,-1.6865647664247785
2010THOM03,hybrid,517.0,11.66,10.184410954672115,1.4755890453278848
2010THOM03,hybrid,518.0,8.88,10.182262666184366,-1.3022626661843653
2010THOM03,hybrid,519.0,10.1,10.180119876175864,-0.08011987617586414
2010THOM03,hybrid,520.0,14.34,10.177982560019647,4.162017439980353
2010THOM03,hybrid,521.0,10.34,10.175850693246144,0.1641493067538562
2010THOM03,hybrid,522.0,6.81,10.173724251541865,-3.363724251541865
2010THOM03,hybrid,523.0,10.54,10.171603210748112,0.36839678925188757
2010THOM03,hybrid,524.0,8.9,10.169487546859695,-1.2694875468596951
2010THOM03,hybrid,525.0,11.41,10.167377236023675,1.2426227639763248
2010THOM03,hybrid,526.0,9.24,10.165272254538099,-0.9252722545380987
2010THOM03,hybrid,527.0,10.21,10.163172578850764,0.04682742114923677
2010THOM03,hybrid,528.0,8.94,10.161078185557997,-1.2210781855579977
2010THOM03,hybrid,529.0,9.59,10.158989051403424,-0.5689890514034239
2010THOM03,hybrid,530.0,8.66,10.15690515327678,-1.4969051532767796
2010THOM03,hybrid,531.0,8.18,10.15482646821271,-1.9748264682127097
2010THOM03,hybrid,532.0,8.21,10.152752973389589,-1.942752973389588
2010THOM03,hybrid,533.0,10.83,10.150684646128362,0.6793153538716385
2010THOM03,hybrid,534.0,9.53,10.14862146389138,-0.6186214638913814
2010THOM03,hybrid,535.0,7.87,10.146563404281256,-2.276563404281256
2010THOM03,hybrid,536.0,10.71,10.14451044503974,0.5654895549602603
2010THOM03,hybrid,537.0,9.91,10.142462564046584,-0.2324625640465836
2010THOM03,hybrid,538.0,9.36,10.140419739318443,-0.7804197393184431
2010THOM03,hybrid,539.0,9.11,10.138381949007767,-1.028381949007768
2010THOM03,hybrid,540.0,9.71,10.13634917140172,-0.4263491714017196
2010THOM03,hybrid,541.0,9.14,10.134321384921096,-0.9943213849210952
2010THOM03,hybrid,542.0,10.49,10.13229856811925,0.3577014318807503
2010THOM03,hybrid,543.0,9.0,10.130280699681045,-1.1302806996810446
2010THOM03,hybrid,544.0,7.58,10.128267758421803,-2.5482677584218028
2010THOM03,hybrid,545.0,8.33,10.126259723286271,-1.796259723286271
2010THOM03,hybrid,546.0,9.67,10.124256573347594,-0.4542565733475943
2010THOM03,hybrid,547.0,9.49,10.122258287806295,-0.6322582878062946
2010THOM03,hybrid,548.0,8.17,10.120264845989269,-1.9502648459892686
2010THOM03,hybrid,549.0,12.18,10.118276227348792,2.0617237726512077
2010THOM03,hybrid,550.0,10.96,10.116292411461528,0.8437075885384733
2010THOM03,hybrid,551.0,9.42,10.114313378027553,-0.6943133780275534
2010THOM03,hybrid,552.0,6.76,10.112339106869392,-3.352339106869392
2010THOM03,hybrid,553.0,7.87,10.110369577931047,-2.2403695779310473
2010THOM03,hybrid,554.0,12.56,10.108404771277064,2.451595228722937
2010THOM03,hybrid,555.0,9.61,10.10644466709158,-0.4964446670915805
2010THOM03,hybrid,556.0,9.07,10.1044892456774,-1.034489245677399
2010THOM03,hybrid,557.0,10.6,10.102538487455064,0.49746151254493576
2010THOM03,hybrid,558.0,8.54,10.100592372961948,-1.560592372961949
2010THOM03,hybrid,559.0,11.21,10.098650882851349,1.1113491171486523
2010THOM03,hybrid,560.0,9.34,10.096713997891586,-0.7567139978915858
2010THOM03,hybrid,561.0,8.12,10.09478169896512,-1.9747816989651206
2010THOM03,hybrid,562.0,8.86,10.092853967067676,-1.2328539670676761
2010THOM03,hybrid,563.0,12.51,10.090930783307357,2.419069216692643
2010THOM03,hybrid,564.0,10.48,10.0890121289038,0.3909878710962005
2010THOM03,hybrid,565.0,8.75,10.087097985187311,-1.3370979851873113
2010THOM03,hybrid,566.0,8.08,10.085188333598019,-2.005188333598019
2010THOM03,hybrid,567.0,6.88,10.08328315568504,-3.20328315568504
2010THOM03,hybrid,568.0,10.19,10.08138243310564,0.10861756689435964
2010THOM03,hybrid,569.0,7.83,10.079486147624422,-2.249486147624422
2010THOM03,hybrid,570.0,8.22,10.077594281112503,-1.8575942811125028
2010THOM03,hybrid,571.0,10.83,10.075706815546708,0.7542931844532923
2010THOM03,hybrid,572.0,15.88,10.07382373300877,5.806176266991232
2010THOM03,hybrid,573.0,11.82,10.07194501568454,1.748054984315461
2010THOM03,hybrid,574.0,8.81,10.070070645863193,-1.260070645863193
2010THOM03,hybrid,575.0,11.32,10.068200605936466,1.251799394063534
2010THOM03,hybrid,576.0,12.27,10.066334878397868,2.203665121602132
2010THOM03,hybrid,577.0,10.37,10.064473445841926,0.3055265541580727
2010THOM03,hybrid,578.0,11.87,10.062616290963433,1.807383709036566
2010THOM03,hybrid,579.0,10.79,10.060763396556688,0.7292366034433115
2010THOM03,hybrid,580.0,8.6,10.058914745514759,-1.4589147455147593
2010THOM03,hybrid,581.0,7.83,10.057070320828744,-2.2270703208287443
2010THOM03,hybrid,582.0,10.27,10.055230105587047,0.21476989441295302
2010THOM03,hybrid,583.0,8.92,10.053394082974648,-1.1333940829746485
2010THOM03,hybrid,584.0,9.95,10.051562236272392,-0.10156223627239314
2010THOM03,hybrid,585.0,10.09,10.049734548856282,0.04026545114371771
2010THOM03,hybrid,586.0,9.36,10.047911004196761,-0.6879110041967618
2010THOM03,hybrid,587.0,8.19,10.046091585858038,-1.8560915858580387
2010THOM03,hybrid,588.0,8.03,10.044276277497381,-2.014276277497382
2010THOM03,hybrid,589.0,7.42,10.042465062864434,-2.6224650628644337
2010THOM03,hybrid,590.0,9.08,10.040657925800549,-0.9606579258005485
2010THOM03,hybrid,591.0,10.41,10.038854850238103,0.3711451497618974
2010THOM03,hybrid,592.0,10.94,10.03705582019984,0.9029441798001603
2010THOM03,hybrid,593.0,7.75,10.035260819798207,-2.285260819798207
2010THOM03,hybrid,594.0,8.62,10.033469833234703,-1.4134698332347035
2010THOM03,hybrid,595.0,7.19,10.031682844799224,-2.841682844799224
2010THOM03,hybrid,596.0,9.41,10.029899838869433,-0.6198998388694328
2010THOM03,hybrid,597.0,8.36,10.028120799910111,-1.6681207999101115
2010THOM03,hybrid,598.0,8.54,10.026345712472533,-1.4863457124725343
2010THOM03,hybrid,599.0,8.64,10.024574561193845,-1.384574561193844
2010THOM03,hybrid,600.0,12.6,10.022807330796438,2.577192669203562
2010THOM03,hybrid,601.0,9.02,10.021044006087333,-1.0010440060873336
2010THOM03,hybrid,602.0,12.01,10.01928457195758,1.990715428042419
2010THOM03,hybrid,603.0,8.21,10.017529013381655,-1.8075290133816537
2010THOM03,hybrid,604.0,11.78,10.015777315416848,1.7642226845831512
2010THOM03,hybrid,605.0,10.13,10.014029463202684,0.11597053679731673
2010THOM03,hybrid,606.0,7.37,10.012285441960334,-2.6422854419603334
2010THOM03,hybrid,607.0,8.82,10.010545236992023,-1.1905452369920226
2010THOM03,hybrid,608.0,7.1,10.008808833680467,-2.9088088336804674
2010THOM03,hybrid,609.0,9.0,10.00707621748829,-1.0070762174882901
2010THOM03,hybrid,610.0,9.76,10.00534737395746,-0.24534737395745942
2010THOM03,hybrid,611.0,7.37,10.003622288708723,-2.6336222887087226
2010THOM03,hybrid,612.0,8.22,10.001900947441055,-1.7819009474410539
2010THOM03,hybrid,613.0,9.51,10.000183335931105,-0.4901833359311052
2010THOM03,hybrid,614.0,7.56,9.99846944003264,-2.43846944003264
2010THOM03,hybrid,615.0,10.61,9.996759245676014,0.6132407543239857
2010THOM03,hybrid,616.0,13.09,9.995052738867619,3.094947261132381
2010THOM03,hybrid,617.0,9.5,9.993349905689358,-0.49334990568935844
2010THOM03,hybrid,618.0,10.48,9.991650732298117,0.48834926770188325
2010THOM03,hybrid,619.0,11.06,9.989955204925234,1.0700447950747662
2010THOM03,hybrid,620.0,7.78,9.988263309875984,-2.208263309875984
2010THOM03,hybrid,621.0,9.26,9.986575033529064,-0.7265750335290644
2010THOM03,hybrid,622.0,10.57,9.984890362336074,0.5851096376639262
2010THOM03,hybrid,623.0,8.45,9.983209282821026,-1.5332092828210264
2010THOM03,hybrid,624.0,8.71,9.981531781579825,-1.2715317815798244
2010THOM03,hybrid,625.0,13.06,9.979857845279778,3.080142154720223
2010THOM03,hybrid,626.0,8.31,9.978187460659104,-1.6681874606591034
2010THOM03,hybrid,627.0,8.44,9.976520614526438,-1.536520614526438
2010THOM03,hybrid,628.0,7.47,9.974857293760348,-2.504857293760348
2010THOM03,hybrid,629.0,8.69,9.973197485308852,-1.2831974853088521
2010THOM03,hybrid,630.0,10.01,9.971541176188946,0.03845882381105348
2010THOM03,hybrid,631.0,9.86,9.969888353486125,-0.10988835348612547
2010THOM03,hybrid,632.0,10.6,9.968239004353913,0.6317609956460863
2010THOM03,hybrid,633.0,9.2,9.966593116013405,-0.7665931160134054
2010THOM03,hybrid,634.0,12.3,9.964950675752796,2.335049324247205
2010THOM03,hybrid,635.0,10.35,9.963311670926933,0.38668832907306694
2010THOM03,hybrid,636.0,10.94,9.961676088956853,0.9783239110431463
2010THOM03,hybrid,637.0,8.7,9.960043917329337,-1.2600439173293374
2010THOM03,hybrid,638.0,7.71,9.958415143596465,-2.248415143596465
2010THOM03,hybrid,639.0,7.55,9.956789755375173,-2.406789755375173
2010THOM03,hybrid,640.0,9.26,9.955167740346806,-0.6951677403468057
2010THOM03,hybrid,641.0,11.56,9.9535490862567,1.6064509137433003
2010THOM03,hybrid,642.0,9.04,9.951933780913736,-0.9119337809137367
2010THOM03,hybrid,643.0,8.89,9.950321812189914,-1.0603218121899136
2010THOM03,hybrid,644.0,11.24,9.948713168019937,1.291286831980063
2010THOM03,hybrid,645.0,15.25,9.947107836400779,5.302892163599221
2010THOM03,hybrid,646.0,9.37,9.945505805391278,-0.5755058053912787
2010THOM03,hybrid,647.0,9.24,9.94390706311171,-0.7039070631117106
2010THOM03,hybrid,648.0,12.24,9.942311597743396,2.297688402256604
2010THOM03,hybrid,649.0,8.93,9.940719397528275,-1.010719397528275
2010THOM03,hybrid,650.0,7.64,9.939130450768513,-2.299130450768513
2010THOM03,hybrid,651.0,8.14,9.937544745826099,-1.797544745826098
2010THOM03,hybrid,652.0,10.59,9.935962271122445,0.6540377288775545
2010THOM03,hybrid,653.0,9.2,9.934383015138003,-0.734383015138004
2010THOM03,hybrid,654.0,8.78,9.932806966411855,-1.1528069664118554
2010THOM03,hybrid,655.0,10.22,9.931234113541342,0.2887658864586591
2010THOM03,hybrid,656.0,15.11,9.929664445181672,5.180335554818328
2010THOM03,hybrid,657.0,10.37,9.928097950045544,0.4419020499544555
2010THOM03,hybrid,658.0,10.84,9.92653461690276,0.9134653830972397
2010THOM03,hybrid,659.0,8.93,9.924974434579859,-0.9949744345798592
2010THOM03,hybrid,660.0,9.32,9.923417391959743,-0.6034173919597432
2010THOM03,hybrid,661.0,8.02,9.921863477981306,-1.9018634779813066
2010THOM03,hybrid,662.0,9.61,9.920312681639066,-0.31031268163906667
2010THOM03,hybrid,663.0,8.78,9.918764991982805,-1.1387649919828053
2010THOM03,hybrid,664.0,7.79,9.917220398117209,-2.127220398117209
2010THOM03,hybrid,665.0,8.02,9.915678889201509,-1.895678889201509
2010THOM03,hybrid,666.0,7.83,9.914140454449125,-2.084140454449125
2010THOM03,hybrid,667.0,8.29,9.912605083127316,-1.6226050831273167
2010THOM03,hybrid,668.0,9.48,9.911072764556833,-0.4310727645568324
2010THOM03,hybrid,669.0,9.75,9.909543488111568,-0.15954348811156827
2010THOM03,hybrid,670.0,9.27,9.908017243218215,-0.638017243218215
2010THOM03,hybrid,671.0,9.36,9.906494019355929,-0.5464940193559293
2010THOM03,hybrid,672.0,7.84,9.904973806055981,-2.0649738060559812
2010THOM03,hybrid,673.0,9.58,9.903456592901435,-0.3234565929014348
2010THOM03,hybrid,674.0,8.17,9.901942369526806,-1.7319423695268057
2010THOM03,hybrid,675.0,12.54,9.900431125617729,2.6395688743822703
2010THOM03,hybrid,676.0,9.08,9.89892285091064,-0.8189228509106403
2010THOM03,hybrid,677.0,7.51,9.897417535192446,-2.387417535192446
2010THOM03,hybrid,678.0,11.54,9.8959151683002,1.6440848316998
2010THOM03,hybrid,679.0,13.16,9.894415740120785,3.2655842598792155
2010THOM03,hybrid,680.0,10.16,9.892919240590597,0.2670807594094029
2010THOM03,hybrid,681.0,6.88,9.89142565969523,-3.01142565969523
2010THOM03,hybrid,682.0,9.05,9.889934987469157,-0.8399349874691566
2010THOM03,hybrid,683.0,8.96,9.888447213995438,-0.9284472139954367
2010THOM03,hybrid,684.0,6.53,9.886962329405385,-3.356962329405385
2010THOM03,hybrid,685.0,9.17,9.885480323878285,-0.7154803238782854
2010THOM03,hybrid,686.0,13.39,9.884001187641077,3.505998812358923
2010THOM03,hybrid,687.0,10.66,9.882524910968066,0.7774750890319346
2010THOM03,hybrid,688.0,8.16,9.88105148418061,-1.7210514841806095
2010THOM03,hybrid,689.0,8.82,9.879580897646838,-1.0595808976468373
2010THOM03,hybrid,690.0,9.34,9.87811314178135,-0.5381131417813503
2010THOM03,hybrid,691.0,9.58,9.876648207044928,-0.2966482070449281
2010THOM03,hybrid,692.0,9.69,9.875186083944245,-0.18518608394424518
2010THOM03,hybrid,693.0,7.72,9.873726763031577,-2.1537267630315773
2010THOM03,hybrid,694.0,12.11,9.872270234904523,2.2377297650954766
2010THOM03,hybrid,695.0,11.37,9.870816490205721,1.4991835097942783
2010THOM03,hybrid,696.0,9.78,9.869365519622566,-0.08936551962256623
2010THOM03,hybrid,697.0,8.31,9.867917313886934,-1.557917313886934
2010THOM03,hybrid,698.0,11.26,9.866471863774905,1.393528136225095
2010THOM03,hybrid,699.0,7.19,9.865029160106488,-2.6750291601064875
2010THOM03,hybrid,700.0,9.1,9.863589193745353,-0.7635891937453536
2010THOM03,hybrid,701.0,8.3,9.86215195559856,-1.5621519555985586
2010THOM03,hybrid,702.0,11.85,9.860717436616284,1.989282563383716
2010THOM03,hybrid,703.0,8.91,9.859285627791564,-0.9492856277915642
2010THOM03,hybrid,704.0,9.27,9.857856520160027,-0.5878565201600274
2010THOM03,hybrid,705.0,9.93,9.856430104799633,0.07356989520036628
2010THOM03,hybrid,706.0,9.41,9.855006372830413,-0.445006372830413
2010THOM03,hybrid,707.0,11.17,9.853585315414207,1.3164146845857925
2010THOM03,hybrid,708.0,13.62,9.852166923754421,3.7678330762455783
2010THOM03,hybrid,709.0,10.61,9.850751189095757,0.7592488109042428
2010THOM03,hybrid,710.0,12.21,9.849338102723975,2.3606618972760263
2010THOM03,hybrid,711.0,9.11,9.847927655965634,-0.7379276559656347
2010THOM03,hybrid,712.0,7.98,9.84651984018785,-1.8665198401878502
2010THOM03,hybrid,713.0,11.68,9.845114646798045,1.8348853532019547
2010THOM03,hybrid,714.0,7.43,9.843712067243702,-2.4137120672437025
2010THOM03,hybrid,715.0,8.47,9.842312093012131,-1.3723120930121304
2010THOM03,hybrid,716.0,9.49,9.840914715630216,-0.3509147156302159
2010THOM03,hybrid,717.0,8.54,9.839519926664188,-1.299519926664189
2010THOM03,hybrid,718.0,10.05,9.838127717719374,0.21187228228062693
2010THOM03,hybrid,719.0,10.47,9.836738080439979,0.633261919560022
2010THOM03,hybrid,720.0,10.47,9.835351006508834,0.634648993491167
2010THOM03,hybrid,721.0,11.45,9.833966487647176,1.616033512352823
2010THOM03,hybrid,722.0,11.19,9.832584515614418,1.357415484385582
2010THOM03,hybrid,723.0,10.26,9.83120508220791,0.42879491779208934
2010THOM03,hybrid,724.0,9.21,9.829828179262725,-0.6198281792627238
2010THOM03,hybrid,725.0,6.68,9.828453798651424,-3.148453798651424
2010THOM03,hybrid,726.0,8.94,9.827081932283837,-0.8870819322838379
2010THOM03,hybrid,727.0,8.34,9.825712572106843,-1.4857125721068432
2010THOM03,hybrid,728.0,9.66,9.82434571010414,-0.1643457101041399
2010THOM03,hybrid,729.0,10.1,9.822981338296037,0.2770186617039627
2010THOM03,hybrid,730.0,9.37,9.821619448739236,-0.4516194487392369
2010THOM03,hybrid,731.0,10.81,9.82026003352661,0.9897399664733904
2010THOM03,hybrid,732.0,9.67,9.818903084786992,-0.14890308478699232
2010THOM03,hybrid,733.0,11.47,9.817548594684965,1.6524514053150359
2010THOM03,hybrid,734.0,8.17,9.816196555420648,-1.646196555420648
2010THOM03,hybrid,735.0,8.31,9.81484695922949,-1.5048469592294893
2010THOM03,hybrid,736.0,8.38,9.813499798382056,-1.433499798382055
2010THOM03,hybrid,737.0,10.32,9.812155065183829,0.5078449348161715
2010THOM03,hybrid,738.0,8.06,9.810812751975,-1.7508127519749994
2010THOM03,hybrid,739.0,11.55,9.809472851130263,1.740527148869738
2010THOM03,hybrid,740.0,8.3,9.808135355058617,-1.5081353550586165
2010THOM03,hybrid,741.0,9.77,9.806800256203168,-0.0368002562031684
2010THOM03,hybrid,742.0,8.57,9.805467547040923,-1.2354675470409227
2010THOM03,hybrid,743.0,9.44,9.804137220082595,-0.3641372200825952
2010THOM03,hybrid,744.0,9.02,9.802809267872407,-0.7828092678724072
2010THOM03,hybrid,745.0,9.82,9.8014836829879,0.018516317012100103
2010THOM03,hybrid,746.0,11.7,9.800160458039741,1.899839541960258
2010THOM03,hybrid,747.0,8.07,9.79883958567152,-1.728839585671519
2010THOM03,hybrid,748.0,7.33,9.797521058559571,-2.467521058559571
2010THOM03,hybrid,749.0,7.65,9.79620486941278,-2.146204869412779
2010THOM03,hybrid,750.0,7.46,9.794891010972393,-2.3348910109723926
2010THOM03,hybrid,751.0,6.52,9.793579476011832,-3.2735794760118324
2010THOM03,hybrid,752.0,9.33,9.792270257336513,-0.46227025733651317
2010THOM03,hybrid,753.0,10.56,9.790963347783658,0.769036652216343
2010THOM03,hybrid,754.0,10.27,9.789658740222112,0.48034125977788733
2010THOM03,hybrid,755.0,11.13,9.788356427552165,1.3416435724478362
2010THOM03,hybrid,756.0,8.8,9.787056402705367,-0.9870564027053668
2010THOM03,hybrid,757.0,8.81,9.785758658644355,-0.9757586586443541
2010THOM03,hybrid,758.0,7.74,9.784463188362672,-2.0444631883626716
2010THOM03,hybrid,759.0,10.58,9.78316998488459,0.7968300151154093
2010THOM03,hybrid,760.0,12.23,9.781879041264942,2.4481209587350587
2010THOM03,hybrid,761.0,11.47,9.780590350588932,1.6894096494110684
2010THOM03,hybrid,762.0,9.54,9.779303905971982,-0.23930390597198326
2010THOM03,hybrid,763.0,8.69,9.778019700559549,-1.088019700559549
2010THOM03,hybrid,764.0,8.88,9.776737727526955,-0.8967377275269541
2010THOM03,hybrid,765.0,8.29,9.77545798007922,-1.4854579800792216
2010THOM03,hybrid,766.0,9.11,9.774180451450901,-0.6641804514509015
2010THOM03,hybrid,767.0,9.0,9.77290513490591,-0.7729051349059102
2010THOM03,hybrid,768.0,10.59,9.771632023737363,0.8183679762626372
2010THOM03,hybrid,769.0,19.81,9.770361111267405,10.039638888732593
2010THOM03,hybrid,770.0,11.1,9.769092390847057,1.330907609152943
2010THOM03,hybrid,771.0,8.85,9.767825855856044,-0.9178258558560444
2010THOM03,hybrid,772.0,8.58,9.766561499702641,-1.1865614997026412
2010THOM03,hybrid,773.0,10.01,9.765299315823508,0.24470068417649138
2010THOM03,hybrid,774.0,10.12,9.764039297683537,0.3559607023164624
2010THOM03,hybrid,775.0,9.09,9.762781438775688,-0.6727814387756883
2010THOM03,hybrid,776.0,10.7,9.761525732620838,0.9384742673791617
2010THOM03,hybrid,777.0,9.52,9.76027217276762,-0.2402721727676198
2010THOM03,hybrid,778.0,7.64,9.759020752792273,-2.119020752792273
2010THOM03,hybrid,779.0,10.36,9.757771466298488,0.6022285337015116
2010THOM03,hybrid,780.0,10.13,9.756524306917253,0.37347569308274764
2010THOM03,hybrid,781.0,10.41,9.755279268306705,0.6547207316932955
2010THOM03,hybrid,782.0,10.44,9.754036344151974,0.6859636558480258
2010THOM03,hybrid,783.0,5.89,9.752795528165043,-3.8627955281650435
2010THOM03,hybrid,784.0,9.33,9.751556814084593,-0.42155681408459245
2010THOM03,hybrid,785.0,11.85,9.750320195675855,2.099679804324145
2010THOM03,hybrid,786.0,9.68,9.749085666730466,-0.06908566673046579
2010THOM03,hybrid,787.0,9.02,9.747853221066327,-0.7278532210663275
2010THOM03,hybrid,788.0,9.79,9.746622852527453,0.04337714747254573
2010THOM03,hybrid,789.0,10.14,9.745394554983832,0.39460544501616823
2010THOM03,hybrid,790.0,9.07,9.744168322331285,-0.6741683223312851
2010THOM03,hybrid,791.0,10.03,9.74294414849132,0.2870558515086792
2010THOM03,hybrid,792.0,8.73,9.741722027410994,-1.0117220274109933
2010THOM03,hybrid,793.0,10.19,9.740501953062774,0.44949804693722584
2010THOM03,hybrid,794.0,10.79,9.7392839194444,1.050716080555599
2010THOM03,hybrid,795.0,8.71,9.738067920578743,-1.0280679205787422
2010THOM03,hybrid,796.0,7.13,9.73685395051367,-2.6068539505136696
2010THOM03,hybrid,797.0,9.81,9.735642003321912,0.07435799667808851
2010THOM03,hybrid,798.0,9.73,9.734432073100923,-0.004432073100922196
2010THOM03,hybrid,799.0,9.23,9.73322415397275,-0.5032241539727504
2010THOM03,hybrid,800.0,8.98,9.7320182400839,-0.7520182400838991
2010THOM03,hybrid,801.0,8.44,9.730814325605206,-1.290814325605206
2010THOM03,hybrid,802.0,8.84,9.729612404731693,-0.8896124047316931
2010THOM03,hybrid,803.0,10.81,9.728412471682459,1.0815875283175416
2010THOM03,hybrid,804.0,9.12,9.727214520700528,-0.6072145207005288
2010THOM03,hybrid,805.0,8.55,9.726018546052739,-1.1760185460527381
2010THOM03,hybrid,806.0,8.58,9.724824542029603,-1.1448245420296033
2010THOM03,hybrid,807.0,9.79,9.723632502945186,0.06636749705481293
2010THOM03,hybrid,808.0,8.98,9.722442423136982,-0.7424424231369819
2010THOM03,hybrid,809.0,9.91,9.72125429696578,0.1887457030342201
2010THOM03,hybrid,810.0,10.39,9.720068118815547,0.6699318811844535
2010THOM03,hybrid,811.0,13.34,9.718883883093303,3.6211161169066965
2010THOM03,hybrid,812.0,8.93,9.717701584228996,-0.787701584228996
2010THOM03,hybrid,813.0,7.51,9.71652121667538,-2.2065212166753803
2010THOM03,hybrid,814.0,9.48,9.715342774907898,-0.23534277490789712
2010THOM03,hybrid,815.0,9.85,9.714166253424553,0.13583374657544667
2010THOM03,hybrid,816.0,8.52,9.712991646745799,-1.1929916467457993
2010THOM03,hybrid,817.0,8.94,9.711818949414411,-0.7718189494144116
2010THOM03,hybrid,818.0,9.79,9.710648155995376,0.07935184400462347
2010THOM03,hybrid,819.0,10.76,9.70947926107577,1.050520738924229
2010THOM03,hybrid,820.0,8.52,9.708312259264648,-1.1883122592646487
2010THOM03,hybrid,821.0,8.82,9.707147145192916,-0.887147145192916
2010THOM03,hybrid,822.0,13.84,9.705983913513228,4.134016086486772
2010THOM03,hybrid,823.0,8.27,9.704822558899865,-1.4348225588998655
2010THOM03,hybrid,824.0,11.12,9.703663076048626,1.4163369239513734
2010THOM03,hybrid,825.0,9.62,9.70250545967671,-0.0825054596767103
2010THOM03,hybrid,826.0,9.39,9.701349704522604,-0.3113497045226037
2010THOM03,hybrid,827.0,9.95,9.700195805345981,0.24980419465401837
2010THOM03,hybrid,828.0,7.52,9.699043756927573,-2.179043756927573
2010THOM03,hybrid,829.0,8.06,9.697893554069077,-1.6378935540690769
2010THOM03,hybrid,830.0,7.11,9.696745191593035,-2.5867451915930344
2010THOM03,hybrid,831.0,9.6,9.695598664342732,-0.09559866434273268
2010THOM03,hybrid,832.0,9.36,9.694453967182081,-0.33445396718208187
2010THOM03,hybrid,833.0,7.74,9.693311094995522,-1.953311094995522
2010THOM03,hybrid,834.0,9.39,9.692170042687916,-0.3021700426879157
2010THOM03,hybrid,835.0,7.91,9.691030805184432,-1.7810308051844324
2010THOM03,hybrid,836.0,7.69,9.689893377430451,-1.9998933774304506
2010THOM03,hybrid,837.0,9.19,9.68875775439145,-0.4987577543914501
2010THOM03,hybrid,838.0,10.34,9.687623931052912,0.6523760689470883
2010THOM03,hybrid,839.0,8.08,9.686491902420213,-1.6064919024202133
2010THOM03,hybrid,840.0,8.76,9.68536166351852,-0.9253616635185207
2010THOM03,hybrid,841.0,8.73,9.684233209392694,-0.9542332093926937
2010THOM03,hybrid,842.0,7.83,9.683106535107187,-1.8531065351071874
2010THOM03,hybrid,843.0,12.75,9.681981635745938,3.068018364254062
2010THOM03,hybrid,844.0,8.14,9.680858506412278,-1.5408585064122775
2010THOM03,hybrid,845.0,7.54,9.679737142228822,-2.139737142228822
2010THOM03,hybrid,846.0,6.75,9.678617538337384,-2.9286175383373845
2010THOM03,hybrid,847.0,7.41,9.67749968989887,-2.2674996898988695
2010THOM03,hybrid,848.0,11.59,9.676383592093176,1.913616407906824
2010THOM03,hybrid,849.0,10.29,9.675269240119103,0.6147307598808958
2010THOM03,hybrid,850.0,8.87,9.674156629194256,-0.8041566291942566
2010THOM03,hybrid,851.0,8.44,9.67304575455494,-1.23304575455494
2010THOM03,hybrid,852.0,9.49,9.671936611456076,-0.18193661145607543
2010THOM03,hybrid,853.0,8.22,9.670829195171105,-1.4508291951711048
2010THOM03,hybrid,854.0,10.07,9.669723500991891,0.40027649900810935
2010THOM03,hybrid,855.0,12.27,9.668619524228623,2.6013804757713768
2010THOM03,hybrid,856.0,9.29,9.667517260209733,-0.37751726020973386
2010THOM03,hybrid,857.0,9.19,9.666416704281797,-0.4764167042817977
2010THOM03,hybrid,858.0,9.9,9.665317851809444,0.2346821481905561
2010THOM03,hybrid,859.0,7.21,9.66422069817527,-2.4542206981752708
2010THOM03,hybrid,860.0,8.14,9.66312523877974,-1.5231252387797394
2010THOM03,hybrid,861.0,7.5,9.6620314690411,-2.1620314690411
2010THOM03,hybrid,862.0,7.47,9.660939384395295,-2.1909393843952953
2010THOM03,hybrid,863.0,11.77,9.659848980295871,2.110151019704128
2010THOM03,hybrid,864.0,8.68,9.658760252213892,-0.9787602522138918
2010THOM03,hybrid,865.0,8.8,9.657673195637846,-0.8576731956378456
2010THOM03,hybrid,866.0,8.03,9.65658780607357,-1.6265878060735712
2010THOM03,hybrid,867.0,9.18,9.655504079044153,-0.47550407904415337
2010THOM03,hybrid,868.0,11.45,9.654422010089853,1.7955779899101465
2010THOM03,hybrid,869.0,11.3,9.653341594768008,1.6466584052319924
2010THOM03,hybrid,870.0,7.8,9.652262828652962,-1.8522628286529619
2010THOM03,hybrid,871.0,9.62,9.651185707335966,-0.031185707335966484
2010THOM03,hybrid,872.0,7.77,9.650110226425102,-1.8801102264251028
2010THOM03,hybrid,873.0,8.3,9.649036381545207,-1.349036381545206
2010THOM03,hybrid,874.0,9.26,9.647964168337769,-0.3879641683377688
2010THOM03,hybrid,875.0,7.86,9.646893582460866,-1.7868935824608654
2010THOM03,hybrid,876.0,7.23,9.645824619589071,-2.4158246195890705
2010THOM03,hybrid,877.0,8.48,9.644757275413376,-1.1647572754133755
2010THOM03,hybrid,878.0,10.21,9.643691545641111,0.5663084543588894
2010THOM03,hybrid,879.0,5.97,9.64262742599586,-3.6726274259958602
2010THOM03,hybrid,880.0,8.3,9.641564912217387,-1.341564912217386
2010THOM03,hybrid,881.0,8.76,9.640504000061547,-0.8805040000615474
2010THOM03,hybrid,882.0,11.06,9.639444685300221,1.4205553146997794
2010THOM03,hybrid,883.0,11.2,9.638386963721223,1.5616130362787768
2010THOM03,hybrid,884.0,9.58,9.637330831128228,-0.0573308311282279
2010THOM03,hybrid,885.0,9.85,9.6362762833407,0.2137237166592989
2010THOM03,hybrid,886.0,10.27,9.635223316193805,0.6347766838061943
2010THOM03,hybrid,887.0,7.13,9.634171925538343,-2.5041719255383432
2010THOM03,hybrid,888.0,8.77,9.633122107240661,-0.8631221072406614
2010THOM03,hybrid,889.0,8.39,9.63207385718259,-1.2420738571825893
2010THOM03,hybrid,890.0,8.64,9.631027171261364,-0.9910271712613632
2010THOM03,hybrid,891.0,9.89,9.62998204538954,0.2600179546104613
2010THOM03,hybrid,892.0,10.86,9.62893847549493,1.2310615245050691
2010THOM03,hybrid,893.0,8.55,9.627896457520531,-1.0778964575205308
2010THOM03,hybrid,894.0,4.86,9.626855987424442,-4.766855987424441
2010THOM03,hybrid,895.0,13.06,9.62581706117979,3.4341829388202108
2010THOM03,hybrid,896.0,8.72,9.62477967477467,-0.9047796747746695
2010THOM03,hybrid,897.0,9.2,9.623743824212063,-0.4237438242120639
2010THOM03,hybrid,898.0,9.31,9.622709505509764,-0.31270950550976373
2010THOM03,hybrid,899.0,8.89,9.621676714700316,-0.7316767147003151
2010THOM03,hybrid,900.0,8.73,9.620645447830933,-0.8906454478309325
2010THOM03,hybrid,901.0,10.24,9.619615700963434,0.6203842990365658
2010THOM03,hybrid,902.0,8.8,9.618587470174175,-0.8185874701741742
2010THOM03,hybrid,903.0,9.27,9.61756075155397,-0.3475607515539707
2010THOM03,hybrid,904.0,11.96,9.61653554120803,2.3434644587919706
2010THOM03,hybrid,905.0,9.04,9.61551183525589,-0.5755118352558917
2010THOM03,hybrid,906.0,9.3,9.61448962983135,-0.31448962983134976
2010THOM03,hybrid,907.0,8.65,9.613468921082388,-0.9634689210823879
2010THOM03,hybrid,908.0,11.64,9.612449705171109,2.0275502948288917
2010THOM03,hybrid,909.0,9.94,9.611431978273675,0.3285680217263245
2010THOM03,hybrid,910.0,7.59,9.61041573658023,-2.0204157365802295
2010THOM03,hybrid,911.0,8.23,9.60940097629484,-1.3794009762948392
2010THOM03,hybrid,912.0,8.74,9.60838769363543,-0.8683876936354302
2010THOM03,hybrid,913.0,10.15,9.607375884833711,0.542624115166289
2010THOM03,hybrid,914.0,7.33,9.606365546135116,-2.276365546135116
2010THOM03,hybrid,915.0,6.93,9.605356673798743,-2.6753566737987438
2010THOM03,hybrid,916.0,7.33,9.604349264097278,-2.2743492640972782
2010THOM03,hybrid,917.0,9.61,9.603343313316941,0.00665668668305841
2010THOM03,hybrid,918.0,9.57,9.602338817757415,-0.03233881775741487
2010THOM03,hybrid,919.0,9.14,9.60133577373179,-0.4613357737317898
2010THOM03,hybrid,920.0,15.01,9.600334177566493,5.409665822433507
2010THOM03,hybrid,921.0,8.24,9.59933402560123,-1.35933402560123
2010THOM03,hybrid,922.0,8.99,9.598335314188922,-0.6083353141889223
2010THOM03,hybrid,923.0,9.02,9.597338039695641,-0.5773380396956416
2010THOM03,hybrid,924.0,10.91,9.59634219850055,1.3136578014994509
2010THOM03,hybrid,925.0,8.62,9.595347786995843,-0.9753477869958438
2010THOM03,hybrid,926.0,9.92,9.594354801586686,0.32564519841331396
2010THOM03,hybrid,927.0,10.08,9.593363238691149,0.48663676130885136
2010THOM03,hybrid,928.0,7.69,9.592373094740152,-1.9023730947401516
2010THOM03,hybrid,929.0,8.15,9.591384366177403,-1.4413843661774024
2010THOM03,hybrid,930.0,9.26,9.590397049459341,-0.3303970494593411
2010THOM03,hybrid,931.0,5.11,9.58941114105507,-4.47941114105507
2010THOM03,hybrid,932.0,9.78,9.588426637446311,0.1915733625536884
2010THOM03,hybrid,933.0,11.45,9.587443535127331,1.862556464872668
2010THOM03,hybrid,934.0,9.36,9.586461830604897,-0.22646183060489733
2010THOM03,hybrid,935.0,7.3,9.585481520398208,-2.285481520398208
2010THOM03,hybrid,936.0,9.69,9.584502601038846,0.10549739896115362
2010THOM03,hybrid,937.0,10.34,9.583525069070706,0.7564749309292935
2010THOM03,hybrid,938.0,13.41,9.582548921049959,3.827451078950041
2010THOM03,hybrid,939.0,8.54,9.58157415354498,-1.04157415354498
2010THOM03,hybrid,940.0,8.94,9.580600763136289,-0.6406007631362893
2010THOM03,hybrid,941.0,10.27,9.579628746416512,0.6903712535834874
2010THOM03,hybrid,942.0,10.78,9.57865809999031,1.2013419000096892
2010THOM03,hybrid,943.0,11.99,9.57768882047433,2.4123111795256698
2010THOM03,hybrid,944.0,7.09,9.576720904497153,-2.4867209044971528
2010THOM03,hybrid,945.0,8.34,9.575754348699228,-1.2357543486992277
2010THOM03,hybrid,946.0,9.47,9.57478914973283,-0.10478914973282905
2010THOM03,hybrid,947.0,8.02,9.573825304262005,-1.5538253042620056
2010THOM03,hybrid,948.0,7.58,9.572862808962503,-1.992862808962503
2010THOM03,hybrid,949.0,9.23,9.571901660521743,-0.3419016605217422
2010THOM03,hybrid,950.0,9.51,9.570941855638743,-0.06094185563874355
2010THOM03,hybrid,951.0,8.42,9.569983391024083,-1.149983391024083
2010THOM03,hybrid,952.0,8.6,9.56902626339984,-0.9690262633998401
2010THOM03,hybrid,953.0,7.54,9.568070469499538,-2.0280704694995384
2010THOM03,hybrid,954.0,7.05,9.567116006068105,-2.517116006068105
2010THOM03,hybrid,955.0,9.93,9.56616286986181,0.3638371301381902
2010THOM03,hybrid,956.0,13.51,9.565211057648215,3.944788942351785
2010THOM03,hybrid,957.0,7.67,9.564260566206128,-1.8942605662061283
2010THOM03,hybrid,958.0,11.42,9.563311392325549,1.8566886076744513
2010THOM03,hybrid,959.0,8.48,9.562363532807622,-1.082363532807621
2010THOM03,hybrid,960.0,12.96,9.561416984464577,3.398583015535424
2010THOM03,hybrid,961.0,8.22,9.560471744119688,-1.3404717441196876
2010THOM03,hybrid,962.0,11.84,9.559527808607227,2.2804721913927732
2010THOM03,hybrid,963.0,7.82,9.558585174772396,-1.7385851747723962
2010THOM03,hybrid,964.0,11.38,9.557643839471305,1.8223561605286953
2010THOM03,hybrid,965.0,10.22,9.556703799570897,0.6632962004291034
2010THOM03,hybrid,966.0,12.31,9.555765051948915,2.754234948051085
2010THOM03,hybrid,967.0,11.76,9.554827593493851,2.205172406506149
2010THOM03,hybrid,968.0,10.57,9.553891421104897,1.0161085788951034
2010THOM03,hybrid,969.0,8.56,9.55295653169189,-0.99295653169189
2010THOM03,hybrid,970.0,11.28,9.552022922175283,1.7279770778247165
2010THOM03,hybrid,971.0,9.02,9.551090589486073,-0.5310905894860731
2010THOM03,hybrid,972.0,11.8,9.550159530565777,2.2498404694342238
2010THOM03,hybrid,973.0,9.29,9.54922974236637,-0.25922974236637053
2010THOM03,hybrid,974.0,6.73,9.548301221850245,-2.818301221850245
2010THOM03,hybrid,975.0,9.16,9.547373965990165,-0.3873739659901645
2010THOM03,hybrid,976.0,9.57,9.546447971769219,0.02355202823078173
2010THOM03,hybrid,977.0,11.57,9.54552323618077,2.02447676381923
2010THOM03,hybrid,978.0,11.66,9.544599756228422,2.115400243771578
2010THOM03,hybrid,979.0,9.35,9.543677528925961,-0.1936775289259618
2010THOM03,hybrid,980.0,9.01,9.542756551297316,-0.5327565512973162
2010THOM03,hybrid,981.0,8.43,9.541836820376517,-1.1118368203765172
2010THOM03,hybrid,982.0,7.1,9.540918333207644,-2.4409183332076445
2010THOM03,hybrid,983.0,10.89,9.54000108684479,1.3499989131552113
2010THOM03,hybrid,984.0,11.24,9.539085078352013,1.7009149216479873
2010THOM03,hybrid,985.0,8.94,9.538170304803288,-0.598170304803288
2010THOM03,hybrid,986.0,10.5,9.537256763282475,0.9627432367175253
2010THOM03,hybrid,987.0,8.95,9.536344450883263,-0.5863444508832636
2010THOM03,hybrid,988.0,10.36,9.535433364709133,0.824566635290866
2010THOM03,hybrid,989.0,8.05,9.53452350187332,-1.4845235018733192
2010THOM03,hybrid,990.0,8.44,9.533614859498757,-1.0936148594987571
2010THOM03,hybrid,991.0,12.58,9.532707434718048,3.0472925652819516
2010THOM03,hybrid,992.0,8.71,9.531801224673414,-0.821801224673413
2010THOM03,hybrid,993.0,9.58,9.530896226516656,0.049103773483343716
2010THOM03,hybrid,994.0,8.87,9.529992437409117,-0.6599924374091177
2010THOM03,hybrid,995.0,8.66,9.52908985452163,-0.8690898545216292
2010THOM03,hybrid,996.0,9.95,9.528188475034487,0.4218115249655128
2010THOM03,hybrid,997.0,8.28,9.527288296137392,-1.247288296137393
2010THOM03,hybrid,998.0,9.1,9.526389315029427,-0.4263893150294269
2010THOM03,hybrid,999.0,10.35,9.525491528918998,0.8245084710810016
2010THOM03,hybrid,1000.0,7.68,9.52459493502381,-1.8445949350238102
2010THOM03,hybrid,1001.0,7.65,9.52369953057082,-1.8736995305708195
2010THOM03,hybrid,1002.0,7.83,9.522805312796192,-1.6928053127961924
2010THOM03,hybrid,1003.0,11.59,9.521912278945265,2.0680877210547344
2010THOM03,hybrid,1004.0,6.54,9.521020426272516,-2.981020426272516
2010THOM03,hybrid,1005.0,8.76,9.520129752041504,-0.7601297520415038
2010THOM03,hybrid,1006.0,9.79,9.51924025352485,0.27075974647514833
2010THOM03,hybrid,1007.0,9.99,9.518351928004192,0.4716480719958085
2010THOM03,hybrid,1008.0,10.16,9.517464772770136,0.6425352272298639
2010THOM03,hybrid,1009.0,7.79,9.516578785122235,-1.7265787851222347
2010THOM03,hybrid,1010.0,7.47,9.515693962368939,-2.045693962368939
2010THOM03,hybrid,1011.0,8.88,9.514810301827556,-0.6348103018275548
2010THOM03,hybrid,1012.0,8.2,9.51392780082422,-1.3139278008242208
2010THOM03,hybrid,1013.0,7.46,9.513046456693855,-2.0530464566938553
2010THOM03,hybrid,1014.0,10.94,9.512166266780127,1.427833733219872
2010THOM03,hybrid,1015.0,7.66,9.51128722843542,-1.8512872284354192
2010THOM03,hybrid,1016.0,10.64,9.510409339020782,1.1295906609792183
2010THOM03,hybrid,1017.0,8.06,9.509532595905911,-1.4495325959059109
2010THOM03,hybrid,1018.0,8.21,9.508656996469096,-1.298656996469095
2010THOM03,hybrid,1019.0,8.33,9.507782538097194,-1.177782538097194
2010THOM03,hybrid,1020.0,9.4,9.506909218185587,-0.10690921818558685
2010THOM03,hybrid,1021.0,10.02,9.506037034138151,0.5139629658618485
2010THOM03,hybrid,1022.0,7.72,9.505165983367217,-1.785165983367217
2010THOM03,hybrid,1023.0,8.19,9.50429606329353,-1.314296063293531
2010THOM03,hybrid,1024.0,7.87,9.503427271346233,-1.6334272713462328
2010THOM03,hybrid,1025.0,27.24,9.502559604962801,17.737440395037197
2010THOM03,hybrid,1026.0,9.22,9.501693061589034,-0.2816930615890332
2010THOM03,hybrid,1027.0,7.78,9.500827638679004,-1.7208276386790038
2010THOM03,hybrid,1028.0,8.4,9.499963333695032,-1.0999633336950314
2010THOM03,hybrid,1029.0,8.95,9.499100144107643,-0.5491001441076442
2010THOM03,hybrid,1030.0,8.13,9.498238067395539,-1.3682380673955379
2010THOM03,hybrid,1031.0,8.95,9.49737710104556,-0.5473771010455604
2010THOM03,hybrid,1032.0,9.58,9.496517242552656,0.08348275744734401
2010THOM03,hybrid,1033.0,7.78,9.495658489419842,-1.715658489419842
2010THOM03,hybrid,1034.0,8.5,9.494800839158179,-0.9948008391581791
2010THOM03,hybrid,1035.0,8.9,9.493944289286727,-0.5939442892867266
2010THOM03,hybrid,1036.0,8.19,9.493088837332518,-1.3030888373325187
2010THOM03,hybrid,1037.0,7.7,9.492234480830525,-1.7922344808305253
2010THOM03,hybrid,1038.0,7.99,9.491381217323621,-1.5013812173236207
2010THOM03,hybrid,1039.0,10.28,9.490529044362553,0.7894709556374462
2010THOM03,hybrid,1040.0,8.29,9.48967795950591,-1.1996779595059106
2010THOM03,hybrid,1041.0,8.64,9.48882796032008,-0.8488279603200795
2010THOM03,hybrid,1042.0,7.06,9.487979044379232,-2.4279790443792324
2010THOM03,hybrid,1043.0,10.84,9.487131209265273,1.3528687907347265
2010THOM03,hybrid,1044.0,9.5,9.486284452567821,0.013715547432179065
2010THOM03,hybrid,1045.0,8.56,9.485438771884171,-0.9254387718841706
2010THOM03,hybrid,1046.0,9.22,9.484594164819264,-0.2645941648192629
2010THOM03,hybrid,1047.0,8.98,9.483750628985655,-0.5037506289856548
2010THOM03,hybrid,1048.0,10.66,9.482908162003483,1.1770918379965174
2010THOM03,hybrid,1049.0,7.35,9.482066761500437,-2.132066761500438
2010THOM03,hybrid,1050.0,11.59,9.481226425111728,2.1087735748882714
2010THOM03,hybrid,1051.0,10.42,9.480387150480054,0.9396128495199463
2010THOM03,hybrid,1052.0,9.11,9.479548935255572,-0.36954893525557253
2010THOM03,hybrid,1053.0,10.86,9.47871177709587,1.3812882229041286
2010THOM03,hybrid,1054.0,8.88,9.477875673665933,-0.5978756736659321
2010THOM03,hybrid,1055.0,9.02,9.477040622638107,-0.4570406226381074
2010THOM03,hybrid,1056.0,8.62,9.476206621692082,-0.856206621692083
2010THOM03,hybrid,1057.0,6.95,9.475373668514854,-2.5253736685148533
2010THOM03,hybrid,1058.0,7.93,9.47454176080069,-1.5445417608006906
2010THOM03,hybrid,1059.0,10.01,9.47371089625111,0.5362891037488904
2010THOM03,hybrid,1060.0,7.84,9.47288107257485,-1.6328810725748504
2010THOM03,hybrid,1061.0,7.84,9.472052287487832,-1.6320522874878325
2010THOM03,hybrid,1062.0,8.79,9.471224538713143,-0.6812245387131437
2010THOM03,hybrid,1063.0,9.91,9.470397823980992,0.4396021760190081
2010THOM03,hybrid,1064.0,6.16,9.469572141028692,-3.309572141028692
2010THOM03,hybrid,1065.0,9.12,9.46874748760063,-0.34874748760063135
2010THOM03,hybrid,1066.0,7.45,9.467923861448233,-2.0179238614482324
2010THOM03,hybrid,1067.0,8.49,9.467101260329944,-0.9771012603299436
2010THOM03,hybrid,1068.0,7.92,9.46627968201119,-1.5462796820111908
2010THOM03,hybrid,1069.0,10.68,9.46545912426436,1.21454087573564
2010THOM03,hybrid,1070.0,8.51,9.464639584868767,-0.954639584868767
2010THOM03,hybrid,1071.0,11.16,9.46382106161063,1.6961789383893695
2010THOM03,hybrid,1072.0,8.89,9.463003552283041,-0.5730035522830406
2010THOM03,hybrid,1073.0,9.48,9.462187054685938,0.017812945314062745
2010THOM03,hybrid,1074.0,9.67,9.461371566626076,0.20862843337392434
2010THOM03,hybrid,1075.0,9.85,9.460557085917001,0.38944291408299847
2010THOM03,hybrid,1076.0,8.68,9.459743610379025,-0.7797436103790254
2010THOM03,hybrid,1077.0,9.0,9.458931137839198,-0.4589311378391976
2010THOM03,hybrid,1078.0,9.43,9.458119666131271,-0.02811966613127126
2010THOM03,hybrid,1079.0,9.28,9.457309193095684,-0.1773091930956845
2010THOM03,hybrid,1080.0,7.8,9.456499716579536,-1.6564997165795363
2010THOM03,hybrid,1081.0,8.56,9.455691234436546,-0.895691234436546
2010THOM03,hybrid,1082.0,9.08,9.454883744527043,-0.3748837445270432
2010THOM03,hybrid,1083.0,9.87,9.45407724471793,0.4159227552820699
2010THOM03,hybrid,1084.0,8.59,9.453271732882655,-0.8632717328826551
2010THOM03,hybrid,1085.0,10.55,9.4524672069012,1.0975327930988001
2010THOM03,hybrid,1086.0,7.58,9.451663664660039,-1.8716636646600389
2010THOM03,hybrid,1087.0,9.07,9.450861104052112,-0.38086110405211215
2010THOM03,hybrid,1088.0,10.48,9.450059522976815,1.0299404770231853
2010THOM03,hybrid,1089.0,8.6,9.449258919339961,-0.8492589193399613
2010THOM03,hybrid,1090.0,7.85,9.448459291053757,-1.5984592910537572
2010THOM03,hybrid,1091.0,10.12,9.44766063603678,0.6723393639632196
2010THOM03,hybrid,1092.0,9.75,9.44686295221395,0.3031370477860502
2010THOM03,hybrid,1093.0,7.28,9.44606623751651,-2.1660662375165094
2010THOM03,hybrid,1094.0,8.62,9.445270489881995,-0.825270489881996
2010THOM03,hybrid,1095.0,7.3,9.444475707254208,-2.144475707254208
2010THOM03,hybrid,1096.0,8.45,9.443681887583198,-0.9936818875831985
2010THOM03,hybrid,1097.0,8.73,9.442889028825237,-0.7128890288252361
2010THOM03,hybrid,1098.0,7.86,9.442097128942786,-1.5820971289427854
2010THOM03,hybrid,1099.0,9.02,9.441306185904484,-0.4213061859044842
2010THOM03,hybrid,1100.0,8.69,9.44051619768511,-0.7505161976851102
2010THOM03,hybrid,1101.0,10.01,9.43972716226557,0.5702728377344304
2010THOM03,hybrid,1102.0,31.05,9.438939077632869,21.61106092236713
2010THOM03,hybrid,1103.0,9.6,9.438151941780083,0.16184805821991688
2010THOM03,hybrid,1104.0,13.3,9.437365752706343,3.8626342472936575
2010THOM03,hybrid,1105.0,11.03,9.436580508416803,1.5934194915831963
2010THOM03,hybrid,1106.0,10.05,9.435796206922625,0.614203793077376
2010THOM03,hybrid,1107.0,9.34,9.435012846240944,-0.09501284624094453
2010THOM03,hybrid,1108.0,7.65,9.434230424394862,-1.7842304243948615
2010THOM03,hybrid,1109.0,8.13,9.433448939413404,-1.3034489394134035
2010THOM03,hybrid,1110.0,6.79,9.43266838933151,-2.6426683893315106
2010THOM03,hybrid,1111.0,8.17,9.43188877219001,-1.2618887721900105
2010THOM03,hybrid,1112.0,8.01,9.431110086035595,-1.4211100860355952
2010THOM03,hybrid,1113.0,10.23,9.430332328920796,0.7996676710792041
2010THOM03,hybrid,1114.0,8.02,9.429555498903966,-1.4095554989039663
2010THOM03,hybrid,1115.0,8.35,9.428779594049253,-1.0787795940492533
2010THOM03,hybrid,1116.0,9.85,9.428004612426577,0.42199538757342303
2010THOM03,hybrid,1117.0,9.34,9.427230552111611,-0.08723055211161146
2010THOM03,hybrid,1118.0,8.9,9.42645741118576,-0.5264574111857598
2010THOM03,hybrid,1119.0,9.72,9.425685187736132,0.2943148122638686
2010THOM03,hybrid,1120.0,11.36,9.42491387985552,1.9350861201444793
2010THOM03,hybrid,1121.0,7.57,9.424143485642382,-1.854143485642382
2010THOM03,hybrid,1122.0,8.37,9.423374003200816,-1.0533740032008172
2010THOM03,hybrid,1123.0,9.3,9.42260543064054,-0.12260543064053842
2010THOM03,hybrid,1124.0,8.69,9.421837766076866,-0.7318377660768665
2010THOM03,hybrid,1125.0,7.65,9.421071007630687,-1.7710710076306864
2010THOM03,hybrid,1126.0,9.53,9.420305153428448,0.10969484657155171
2010THOM03,hybrid,1127.0,6.78,9.41954020160213,-2.63954020160213
2010THOM03,hybrid,1128.0,9.22,9.418776150289224,-0.19877615028922335
2010THOM03,hybrid,1129.0,10.58,9.418012997632712,1.1619870023672885
2010THOM03,hybrid,1130.0,9.15,9.417250741781046,-0.26725074178104613
2010THOM03,hybrid,1131.0,8.59,9.416489380888127,-0.8264893808881268
2010THOM03,hybrid,1132.0,8.9,9.415728913113288,-0.5157289131132874
2010THOM03,hybrid,1133.0,8.58,9.414969336621262,-0.8349693366212616
2010THOM03,hybrid,1134.0,11.8,9.414210649582174,2.385789350417827
2010THOM03,hybrid,1135.0,8.35,9.413452850171515,-1.0634528501715153
2010THOM03,hybrid,1136.0,7.47,9.412695936570122,-1.9426959365701224
2010THOM03,hybrid,1137.0,8.89,9.411939906964154,-0.5219399069641533
2010THOM03,hybrid,1138.0,12.69,9.41118475954508,3.27881524045492
2010THOM03,hybrid,1139.0,7.99,9.41043049250965,-1.4204304925096505
2010THOM03,hybrid,1140.0,8.0,9.409677104059881,-1.409677104059881
2010THOM03,hybrid,1141.0,9.53,9.408924592403036,0.12107540759696356
2010THOM03,hybrid,1142.0,7.34,9.408172955751603,-2.068172955751603
2010THOM03,hybrid,1143.0,8.67,9.40742219232327,-0.7374221923232707
2010THOM03,hybrid,1144.0,7.99,9.406672300340919,-1.4166723003409185
2010THOM03,hybrid,1145.0,8.44,9.40592327803259,-0.9659232780325908
2010THOM03,hybrid,1146.0,11.03,9.405175123631478,1.6248248763685211
2010THOM03,hybrid,1147.0,9.32,9.404427835375898,-0.08442783537589804
2010THOM03,hybrid,1148.0,10.15,9.403681411509275,0.7463185884907251
2010THOM03,hybrid,1149.0,8.29,9.402935850280125,-1.1129358502801256
2010THOM03,hybrid,1150.0,10.2,9.402191149942029,0.7978088500579705
2010THOM03,hybrid,1151.0,9.84,9.401447308753623,0.4385526912463771
2010THOM03,hybrid,1152.0,7.22,9.40070432497857,-2.18070432497857
2010THOM03,hybrid,1153.0,7.77,9.399962196885546,-1.6299621968855469
2010THOM03,hybrid,1154.0,9.01,9.399220922748224,-0.3892209227482244
2010THOM03,hybrid,1155.0,7.42,9.39848050084525,-1.9784805008452508
2010THOM03,hybrid,1156.0,10.21,9.397740929460227,0.8122590705397741
2010THOM03,hybrid,1157.0,8.09,9.397002206881695,-1.3070022068816947
2010THOM03,hybrid,1158.0,6.89,9.396264331403108,-2.5062643314031083
2010THOM03,hybrid,1159.0,9.1,9.395527301322833,-0.2955273013228332
2010THOM03,hybrid,1160.0,9.28,9.394791114944109,-0.11479111494410965
2010THOM03,hybrid,1161.0,11.21,9.394055770575047,1.8159442294249537
2010THOM03,hybrid,1162.0,9.16,9.393321266528595,-0.23332126652859486
2010THOM03,hybrid,1163.0,9.57,9.392587601122539,0.17741239887746119
2010THOM03,hybrid,1164.0,8.5,9.39185477267947,-0.8918547726794692
2010THOM03,hybrid,1165.0,10.6,9.391122779526771,1.2088772204732283
2010THOM03,hybrid,1166.0,8.83,9.390391619996604,-0.5603916199966044
2010THOM03,hybrid,1167.0,10.55,9.389661292425885,1.160338707574116
2010THOM03,hybrid,1168.0,8.45,9.388931795156267,-0.9389317951562681
2010THOM03,hybrid,1169.0,8.63,9.388203126534128,-0.7582031265341271
2010THOM03,hybrid,1170.0,8.48,9.38747528491055,-0.9074752849105501
2010THOM03,hybrid,1171.0,9.04,9.386748268641302,-0.3467482686413028
2010THOM03,hybrid,1172.0,10.02,9.386022076086823,0.6339779239131769
2010THOM03,hybrid,1173.0,7.0,9.3852967056122,-2.3852967056122
2010THOM03,hybrid,1174.0,11.66,9.384572155587161,2.275427844412839
2010THOM03,hybrid,1175.0,11.7,9.38384842438605,2.316151575613949
2010THOM03,hybrid,1176.0,10.73,9.38312551038781,1.3468744896121905
2010THOM03,hybrid,1177.0,8.51,9.382403411975972,-0.8724034119759718
2010THOM03,hybrid,1178.0,8.12,9.38168212753863,-1.2616821275386307
2010THOM03,hybrid,1179.0,10.45,9.380961655468433,1.0690383445315668
2010THOM03,hybrid,1180.0,8.62,9.38024199416256,-0.7602419941625609
2010THOM03,hybrid,1181.0,10.78,9.379523142022713,1.4004768579772868
2010THOM03,hybrid,1182.0,9.07,9.378805097455086,-0.30880509745508533
2010THOM03,hybrid,1183.0,10.76,9.378087858870366,1.381912141129634
2010THOM03,hybrid,1184.0,8.42,9.377371424683702,-0.9573714246837017
2010THOM03,hybrid,1185.0,9.08,9.376655793314695,-0.29665579331469516
2010THOM03,hybrid,1186.0,9.55,9.375940963187388,0.17405903681261314
2010THOM03,hybrid,1187.0,9.57,9.375226932730232,0.19477306726976806
2010THOM03,hybrid,1188.0,9.04,9.374513700376092,-0.3345137003760925
2010THOM03,hybrid,1189.0,7.09,9.37380126456221,-2.2838012645622108
2010THOM03,hybrid,1190.0,8.3,9.37308962373021,-1.07308962373021
2010THOM03,hybrid,1191.0,9.37,9.372378776326062,-0.0023787763260632033
2010THOM03,hybrid,1192.0,10.9,9.371668720800079,1.5283312791999215
2010THOM03,hybrid,1193.0,11.25,9.370959455606897,1.8790405443931029
2010THOM03,hybrid,1194.0,11.33,9.370250979205458,1.9597490207945416
2010THOM03,hybrid,1195.0,7.25,9.369543290059003,-2.1195432900590028
2010THOM03,hybrid,1196.0,8.26,9.368836386635042,-1.1088363866350424
2010THOM03,hybrid,1197.0,7.73,9.368130267405348,-1.638130267405348
2010THOM03,hybrid,1198.0,8.83,9.367424930845946,-0.5374249308459458
2010THOM03,hybrid,1199.0,8.04,9.366720375437083,-1.326720375437084
2010THOM03,hybrid,1200.0,7.57,9.366016599663228,-1.7960165996632274
2010THOM03,hybrid,1201.0,7.03,9.365313602013044,-2.335313602013044
2010THOM03,hybrid,1202.0,8.79,9.364611380979387,-0.5746113809793876
2010THOM03,hybrid,1203.0,7.88,9.363909935059274,-1.4839099350592742
2010THOM03,hybrid,1204.0,12.12,9.363209262753884,2.7567907372461153
2010THOM03,hybrid,1205.0,8.22,9.362509362568531,-1.1425093625685303
2010THOM03,hybrid,1206.0,7.52,9.36181023301266,-1.8418102330126604
2010THOM03,hybrid,1207.0,8.35,9.361111872599821,-1.0111118725998214
2010THOM03,hybrid,1208.0,8.04,9.36041427984766,-1.320414279847661
2010THOM03,hybrid,1209.0,8.32,9.35971745327791,-1.039717453277909
2010THOM03,hybrid,1210.0,9.72,9.359021391416361,0.3609786085836397
2010THOM03,hybrid,1211.0,9.96,9.358326092792861,0.6016739072071395
2010THOM03,hybrid,1212.0,9.73,9.357631555941298,0.3723684440587025
2010THOM03,hybrid,1213.0,7.77,9.356937779399573,-1.5869377793995731
2010THOM03,hybrid,1214.0,7.96,9.356244761709606,-1.3962447617096059
2010THOM03,hybrid,1215.0,8.72,9.355552501417305,-0.6355525014173047
2010THOM03,hybrid,1216.0,6.66,9.354860997072562,-2.6948609970725617
2010THOM03,hybrid,1217.0,7.44,9.35417024722923,-1.9141702472292303
2010THOM03,hybrid,1218.0,9.36,9.35348025044512,0.006519749554879439
2010THOM03,hybrid,1219.0,10.66,9.35279100528198,1.307208994718021
2010THOM03,hybrid,1220.0,12.11,9.352102510305473,2.7578974896945265
2010THOM03,hybrid,1221.0,8.77,9.351414764085183,-0.5814147640851832
2010THOM03,hybrid,1222.0,12.39,9.350727765194584,3.0392722348054164
2010THOM03,hybrid,1223.0,21.22,9.350041512211039,11.86995848778896
2010THOM03,hybrid,1224.0,10.0,9.349356003715767,0.6506439962842325
2010THOM03,hybrid,1225.0,8.25,9.348671238293857,-1.098671238293857
2010THOM03,hybrid,1226.0,9.31,9.347987214534225,-0.03798721453422438
2010THOM03,hybrid,1227.0,8.02,9.347303931029627,-1.3273039310296273
2010THOM03,hybrid,1228.0,9.11,9.346621386376626,-0.23662138637662622
2010THOM03,hybrid,1229.0,9.63,9.345939579175585,0.2840604208244155
2010THOM03,hybrid,1230.0,8.29,9.345258508030664,-1.055258508030665
2010THOM03,hybrid,1231.0,7.76,9.344578171549783,-1.5845781715497829
2010THOM03,hybrid,1232.0,8.02,9.343898568344635,-1.3238985683446352
2010THOM03,hybrid,1233.0,7.68,9.343219697030653,-1.6632196970306534
2010THOM03,hybrid,1234.0,7.62,9.342541556227008,-1.722541556227008
2010THOM03,hybrid,1235.0,7.65,9.341864144556595,-1.691864144556595
2010THOM03,hybrid,1236.0,9.68,9.341187460646008,0.3388125393539916
2010THOM03,hybrid,1237.0,8.12,9.34051150312555,-1.2205115031255502
2010THOM03,hybrid,1238.0,8.54,9.339836270629192,-0.7998362706291928
2010THOM03,hybrid,1239.0,11.34,9.339161761794587,2.0008382382054126
2010THOM03,hybrid,1240.0,9.0,9.338487975263037,-0.3384879752630372
2010THOM03,hybrid,1241.0,9.87,9.33781490967949,0.5321850903205085
2010THOM03,hybrid,1242.0,6.83,9.337142563692531,-2.507142563692531
2010THOM03,hybrid,1243.0,9.64,9.33647093595435,0.30352906404564983
2010THOM03,hybrid,1244.0,10.15,9.335800025120761,0.814199974879239
2010THOM03,hybrid,1245.0,9.61,9.335129829851157,0.2748701701488425
2010THOM03,hybrid,1246.0,10.38,9.334460348808518,1.0455396511914827
2010THOM03,hybrid,1247.0,9.32,9.333791580659394,-0.013791580659393787
2010THOM03,hybrid,1248.0,7.42,9.333123524073889,-1.9131235240738889
2010THOM03,hybrid,1249.0,9.3,9.33245617772565,-0.03245617772564913
2010THOM03,hybrid,1250.0,7.84,9.33178954029186,-1.49178954029186
2010THOM03,hybrid,1251.0,10.02,9.331123610453215,0.6888763895467847
2010THOM03,hybrid,1252.0,10.78,9.330458386893927,1.4495416131060725
2010THOM03,hybrid,1253.0,8.38,9.329793868301694,-0.9497938683016933
2010THOM03,hybrid,1254.0,7.53,9.329130053367702,-1.7991300533677022
2010THOM03,hybrid,1255.0,7.38,9.32846694078661,-1.9484669407866102
2010THOM03,hybrid,1256.0,7.52,9.32780452925653,-1.807804529256531
2010THOM03,hybrid,1257.0,6.35,9.327142817479029,-2.977142817479029
2010THOM03,hybrid,1258.0,9.32,9.3264818041591,-0.006481804159099269
2010THOM03,hybrid,1259.0,8.27,9.325821488005168,-1.0558214880051686
2010THOM03,hybrid,1260.0,7.74,9.325161867729069,-1.5851618677290684
2010THOM03,hybrid,1261.0,7.36,9.324502942046031,-1.964502942046031
2010THOM03,hybrid,1262.0,9.72,9.323844709674681,0.3961552903253196
2010THOM03,hybrid,1263.0,9.02,9.323187169337018,-0.3031871693370185
2010THOM03,hybrid,1264.0,6.21,9.322530319758402,-3.1125303197584016
2010THOM03,hybrid,1265.0,6.3,9.321874159667553,-3.0218741596675534
2010THOM03,hybrid,1266.0,6.18,9.321218687796534,-3.1412186877965347
2010THOM03,hybrid,1267.0,10.34,9.320563902880732,1.019436097119268
2010THOM03,hybrid,1268.0,7.75,9.31990980365886,-1.5699098036588595
2010THOM03,hybrid,1269.0,8.62,9.319256388872937,-0.6992563888729375
2010THOM03,hybrid,1270.0,10.3,9.318603657268277,0.981396342731724
2010THOM03,hybrid,1271.0,8.94,9.31795160759348,-0.3779516075934808
2010THOM03,hybrid,1272.0,9.6,9.317300238600426,0.28269976139957365
2010THOM03,hybrid,1273.0,9.33,9.316649549044252,0.013350450955748272
2010THOM03,hybrid,1274.0,8.77,9.31599953768335,-0.5459995376833504
2010THOM03,hybrid,1275.0,8.35,9.315350203279351,-0.9653502032793515
2010THOM03,hybrid,1276.0,8.06,9.314701544597119,-1.2547015445971184
2010THOM03,hybrid,1277.0,9.41,9.314053560404735,0.09594643959526472
2010THOM03,hybrid,1278.0,8.18,9.313406249473491,-1.1334062494734916
2010THOM03,hybrid,1279.0,8.57,9.312759610577874,-0.742759610577874
2010THOM03,hybrid,1280.0,9.08,9.312113642495559,-0.232113642495559
2010THOM03,hybrid,1281.0,9.27,9.311468344007398,-0.04146834400739863
2010THOM03,hybrid,1282.0,9.87,9.310823713897403,0.5591762861025966
2010THOM03,hybrid,1283.0,7.8,9.310179750952747,-1.510179750952747
2010THOM03,hybrid,1284.0,8.59,9.309536453963744,-0.7195364539637445
2010THOM03,hybrid,1285.0,8.97,9.30889382172384,-0.33889382172383975
2010THOM03,hybrid,1286.0,9.78,9.308251853029608,0.47174814697039125
2010THOM03,hybrid,1287.0,9.72,9.307610546680728,0.4123894533192729
2010THOM03,hybrid,1288.0,8.79,9.306969901479986,-0.5169699014799871
2010THOM03,hybrid,1289.0,7.76,9.306329916233256,-1.5463299162332564
2010THOM03,hybrid,1290.0,8.91,9.305690589749496,-0.39569058974949556
2010THOM03,hybrid,1291.0,9.64,9.305051920840732,0.3349480791592683
2010THOM03,hybrid,1292.0,10.21,9.304413908322053,0.9055860916779483
2010THOM03,hybrid,1293.0,8.7,9.303776551011595,-0.6037765510115953
2010THOM03,hybrid,1294.0,12.1,9.303139847730538,2.7968601522694616
2010THOM03,hybrid,1295.0,8.89,9.302503797303089,-0.4125037973030885
2010THOM03,hybrid,1296.0,7.3,9.301868398556474,-2.001868398556474
2010THOM03,hybrid,1297.0,7.64,9.301233650320931,-1.6612336503209315
2010THOM03,hybrid,1298.0,9.52,9.300599551429695,0.21940044857030472
2010THOM03,hybrid,1299.0,11.66,9.299966100718994,2.3600338992810066
2010THOM03,hybrid,1300.0,7.32,9.29933329702803,-1.9793332970280293
2010THOM03,hybrid,1301.0,10.08,9.29870113919898,0.7812988608010194
2010THOM03,hybrid,1302.0,10.86,9.29806962607698,1.561930373923019
2010THOM03,hybrid,1303.0,8.21,9.297438756510115,-1.0874387565101138
2010THOM03,hybrid,1304.0,9.96,9.296808529349407,0.6631914706505935
2010THOM03,hybrid,1305.0,11.47,9.296178943448815,2.1738210565511853
2010THOM03,hybrid,1306.0,7.03,9.295549997665214,-2.2655499976652136
2010THOM03,hybrid,1307.0,8.68,9.29492169085839,-0.6149216908583899
2010THOM03,hybrid,1308.0,8.43,9.294294021891032,-0.8642940218910322
2010THOM03,hybrid,1309.0,7.81,9.293666989628722,-1.4836669896287225
2010THOM03,hybrid,1310.0,10.66,9.29304059293992,1.3669594070600795
2010THOM03,hybrid,1311.0,7.92,9.292414830695964,-1.3724148306959645
2010THOM03,hybrid,1312.0,7.67,9.291789701771052,-1.6217897017710516
2010THOM03,hybrid,1313.0,10.98,9.291165205042237,1.6888347949577636
2010THOM03,hybrid,1314.0,12.53,9.290541339389414,3.2394586606105857
2010THOM03,hybrid,1315.0,9.54,9.289918103695317,0.2500818963046818
2010THOM03,hybrid,1316.0,9.95,9.289295496845503,0.6607045031544967
2010THOM03,hybrid,1317.0,9.64,9.288673517728345,0.35132648227165575
2010THOM03,hybrid,1318.0,8.16,9.288052165235026,-1.128052165235026
2010THOM03,hybrid,1319.0,8.24,9.287431438259524,-1.0474314382595242
2010THOM03,hybrid,1320.0,9.71,9.28681133569861,0.42318866430139046
2010THOM03,hybrid,1321.0,8.06,9.286191856451829,-1.2261918564518286
2010THOM03,hybrid,1322.0,6.93,9.2855729994215,-2.3555729994215007
2010THOM03,hybrid,1323.0,10.05,9.284954763512703,0.7650452364872979
2010THOM03,hybrid,1324.0,7.16,9.284337147633272,-2.1243371476332715
2010THOM03,hybrid,1325.0,8.4,9.28372015069378,-0.8837201506937795
2010THOM03,hybrid,1326.0,7.25,9.28310377160754,-2.0331037716075393
2010THOM03,hybrid,1327.0,6.23,9.282488009290585,-3.0524880092905846
2010THOM03,hybrid,1328.0,9.52,9.28187286266167,0.23812713733832958
2010THOM03,hybrid,1329.0,5.77,9.281258330642256,-3.5112583306422565
2010THOM03,hybrid,1330.0,8.78,9.2806444121565,-0.5006444121565004
2010THOM03,hybrid,1331.0,10.12,9.280031106131254,0.8399688938687451
2010THOM03,hybrid,1332.0,7.25,9.27941841149605,-2.0294184114960494
2010THOM03,hybrid,1333.0,7.67,9.27880632718309,-1.6088063271830908
2010THOM03,hybrid,1334.0,7.34,9.278194852127246,-1.9381948521272463
2010THOM03,hybrid,1335.0,9.62,9.27758398526604,0.3424160147339599
2010THOM03,hybrid,1336.0,9.34,9.27697372553964,0.06302627446035913
2010THOM03,hybrid,1337.0,19.18,9.27636407189086,9.90363592810914
2010THOM03,hybrid,1338.0,8.9,9.275755023265138,-0.3757550232651372
2010THOM03,hybrid,1339.0,8.6,9.275146578610533,-0.6751465786105335
2010THOM03,hybrid,1340.0,7.12,9.27453873687772,-2.1545387368777194
2010THOM03,hybrid,1341.0,9.34,9.273931497019973,0.06606850298002698
2010THOM03,hybrid,1342.0,8.42,9.273324857993167,-0.8533248579931669
2010THOM03,hybrid,1343.0,8.98,9.272718818755767,-0.2927188187557661
2010THOM03,hybrid,1344.0,9.4,9.27211337826881,0.12788662173119114
2010THOM03,hybrid,1345.0,8.75,9.271508535495908,-0.5215085354959079
2010THOM03,hybrid,1346.0,9.21,9.270904289403237,-0.060904289403236334
2010THOM03,hybrid,1347.0,8.24,9.270300638959524,-1.030300638959524
2010THOM03,hybrid,1348.0,10.9,9.269697583136045,1.6303024168639553
2010THOM03,hybrid,1349.0,8.5,9.269095120906613,-0.7690951209066128
2010THOM03,hybrid,1350.0,9.57,9.268493251247573,0.301506748752427
2010THOM03,hybrid,1351.0,10.34,9.267891973137786,1.0721080268622138
2010THOM03,hybrid,1352.0,10.92,9.267291285558636,1.6527087144413635
2010THOM03,hybrid,1353.0,8.28,9.266691187494006,-0.9866911874940065
2010THOM03,hybrid,1354.0,6.92,9.266091677930277,-2.3460916779302767
2010THOM03,hybrid,1355.0,10.91,9.265492755856322,1.6445072441436785
2010THOM03,hybrid,1356.0,8.73,9.264894420263493,-0.5348944202634929
2010THOM03,hybrid,1357.0,10.12,9.264296670145622,0.8557033298543768
2010THOM03,hybrid,1358.0,11.53,9.263699504499003,2.266300495500996
2010THOM03,hybrid,1359.0,10.5,9.263102922322386,1.2368970776776145
2010THOM03,hybrid,1360.0,6.78,9.262506922616973,-2.482506922616973
2010THOM03,hybrid,1361.0,9.61,9.261911504386411,0.3480884956135881
2010THOM03,hybrid,1362.0,8.03,9.26131666663678,-1.231316666636781
2010THOM03,hybrid,1363.0,8.85,9.260722408376587,-0.41072240837658747
2010THOM03,hybrid,1364.0,9.16,9.260128728616758,-0.10012872861675781
2010THOM03,hybrid,1365.0,12.28,9.259535626370631,3.020464373629368
2010THOM03,hybrid,1366.0,7.66,9.258943100653946,-1.5989431006539458
2010THOM03,hybrid,1367.0,8.26,9.258351150484845,-0.9983511504848455
2010THOM03,hybrid,1368.0,10.88,9.257759774883855,1.6222402251161459
2010THOM03,hybrid,1369.0,8.55,9.257168972873883,-0.7071689728738821
2010THOM03,hybrid,1370.0,8.54,9.256578743480212,-0.7165787434802127
2010THOM03,hybrid,1371.0,7.71,9.25598908573049,-1.5459890857304908
2010THOM03,hybrid,1372.0,11.41,9.255399998654728,2.1546000013452726
2010THOM03,hybrid,1373.0,6.79,9.25481148128528,-2.46481148128528
2010THOM03,hybrid,1374.0,7.66,9.254223532656853,-1.5942235326568532
2010THOM03,hybrid,1375.0,10.25,9.253636151806486,0.9963638481935142
2010THOM03,hybrid,1376.0,8.66,9.253049337773547,-0.5930493377735466
2010THOM03,hybrid,1377.0,9.72,9.252463089599724,0.4675369104002769
2010THOM03,hybrid,1378.0,8.3,9.251877406329026,-0.9518774063290252
2010THOM03,hybrid,1379.0,7.42,9.251292287007766,-1.8312922870077664
2010THOM03,hybrid,1380.0,9.8,9.250707730684553,0.5492922693154476
2010THOM03,hybrid,1381.0,7.47,9.250123736410298,-1.7801237364102986
2010THOM03,hybrid,1382.0,8.71,9.249540303238188,-0.5395403032381871
2010THOM03,hybrid,1383.0,8.56,9.248957430223694,-0.6889574302236934
2010THOM03,hybrid,1384.0,8.09,9.248375116424558,-1.1583751164245584
2010THOM03,hybrid,1385.0,7.05,9.247793360900788,-2.1977933609007883
2010THOM03,hybrid,1386.0,9.18,9.247212162714643,-0.06721216271464314
2010THOM03,hybrid,1387.0,5.73,9.24663152093064,-3.5166315209306394
2010THOM03,hybrid,1388.0,7.56,9.246051434615532,-1.6860514346155329
2010THOM03,hybrid,1389.0,6.45,9.245471902838315,-2.7954719028383144
2010THOM03,hybrid,1390.0,8.79,9.24489292467021,-0.4548929246702116
2010THOM03,hybrid,1391.0,6.44,9.24431449918466,-2.8043144991846605
2010THOM03,hybrid,1392.0,7.67,9.243736625457329,-1.5737366254573288
2010THOM03,hybrid,1393.0,9.93,9.243159302566081,0.6868406974339187
2010THOM03,hybrid,1394.0,7.17,9.242582529590988,-2.0725825295909885
2010THOM03,hybrid,1395.0,7.57,9.242006305614314,-1.672006305614314
2010THOM03,hybrid,1396.0,8.73,9.241430629720513,-0.5114306297205129
2010THOM03,hybrid,1397.0,9.15,9.240855500996219,-0.0908555009962182
2010THOM03,hybrid,1398.0,9.39,9.240280918530239,0.14971908146976176
2010THOM03,hybrid,1399.0,8.24,9.23970688141355,-0.9997068814135499
2010THOM03,hybrid,1400.0,8.86,9.239133388739292,-0.3791333887392927
2010THOM03,hybrid,1401.0,6.32,9.238560439602754,-2.9185604396027536
2010THOM03,hybrid,1402.0,7.05,9.237988033101377,-2.1879880331013775
2010THOM03,hybrid,1403.0,10.16,9.237416168334743,0.922583831665257
2010THOM03,hybrid,1404.0,13.66,9.236844844404565,4.423155155595435
2010THOM03,hybrid,1405.0,7.9,9.236274060414686,-1.336274060414686
2010THOM03,hybrid,1406.0,7.99,9.235703815471075,-1.2457038154710744
2010THOM03,hybrid,1407.0,11.91,9.235134108681807,2.674865891318193
2010THOM03,hybrid,1408.0,8.61,9.234564939157071,-0.6245649391570716
2010THOM03,hybrid,1409.0,8.31,9.233996306009159,-0.9239963060091583
2010THOM03,hybrid,1410.0,8.81,9.233428208352453,-0.423428208352453
2010THOM03,hybrid,1411.0,10.6,9.232860645303429,1.3671393546965707
2010THOM03,hybrid,1412.0,10.26,9.232293615980643,1.027706384019357
2010THOM03,hybrid,1413.0,9.83,9.231727119504729,0.598272880495271
2010THOM03,hybrid,1414.0,6.86,9.23116115499839,-2.371161154998389
2010THOM03,hybrid,1415.0,7.62,9.230595721586392,-1.6105957215863915
2010THOM03,hybrid,1416.0,7.22,9.230030818395557,-2.010030818395557
2010THOM03,hybrid,1417.0,8.88,9.229466444554763,-0.3494664445547624
2010THOM03,hybrid,1418.0,8.58,9.228902599194926,-0.6489025991949262
2010THOM03,hybrid,1419.0,9.41,9.228339281449006,0.18166071855099375
2010THOM03,hybrid,1420.0,7.87,9.227776490451992,-1.3577764904519922
2010THOM03,hybrid,1421.0,6.89,9.227214225340902,-2.337214225340902
2010THOM03,hybrid,1422.0,9.26,9.226652485254768,0.03334751474523223
2010THOM03,hybrid,1423.0,8.26,9.226091269334644,-0.966091269334644
2010THOM03,hybrid,1424.0,8.86,9.225530576723584,-0.36553057672358413
2010THOM03,hybrid,1425.0,9.05,9.224970406566648,-0.17497040656664709
2010THOM03,hybrid,1426.0,11.04,9.22441075801089,1.8155892419891089
2010THOM03,hybrid,1427.0,7.78,9.223851630205356,-1.443851630205356
2010THOM03,hybrid,1428.0,7.88,9.223293022301068,-1.3432930223010677
2010THOM03,hybrid,1429.0,10.73,9.222734933451033,1.5072650665489675
2010THOM03,hybrid,1430.0,11.09,9.222177362810227,1.8678226371897733
2010THOM03,hybrid,1431.0,7.57,9.221620309535592,-1.6516203095355912
2010THOM03,hybrid,1432.0,7.81,9.221063772786025,-1.411063772786025
2010THOM03,hybrid,1433.0,9.18,9.220507751722383,-0.040507751722383745
2010THOM03,hybrid,1434.0,7.0,9.219952245507466,-2.219952245507466
2010THOM03,hybrid,1435.0,7.7,9.219397253306019,-1.5193972533060185
2010THOM03,hybrid,1436.0,9.2,9.21884277428472,-0.01884277428472103
2010THOM03,hybrid,1437.0,9.08,9.21828880761218,-0.1382888076121791
2010THOM03,hybrid,1438.0,10.56,9.21773535245893,1.3422646475410698
2010THOM03,hybrid,1439.0,8.74,9.217182407997425,-0.4771824079974252
2010THOM03,hybrid,1440.0,7.95,9.21662997340203,-1.26662997340203
2010THOM03,hybrid,1441.0,10.64,9.216078047849015,1.4239219521509856
2010THOM03,hybrid,1442.0,7.74,9.215526630516553,-1.475526630516553
2010THOM03,hybrid,1443.0,7.58,9.214975720584713,-1.6349757205847126
2010THOM03,hybrid,1444.0,7.94,9.214425317235454,-1.2744253172354538
2010THOM03,hybrid,1445.0,8.77,9.21387541965262,-0.44387541965262045
2010THOM03,hybrid,1446.0,6.89,9.213326027021928,-2.3233260270219285
2010THOM03,hybrid,1447.0,9.09,9.212777138530978,-0.12277713853097794
2010THOM03,hybrid,1448.0,9.17,9.212228753369228,-0.042228753369228045
2010THOM03,hybrid,1449.0,8.35,9.211680870728001,-0.8616808707280015
2010THOM03,hybrid,1450.0,7.85,9.211133489800478,-1.361133489800478
2010THOM03,hybrid,1451.0,10.51,9.21058660978169,1.2994133902183105
2010THOM03,hybrid,1452.0,8.77,9.21004022986851,-0.44004022986850977
2010THOM03,hybrid,1453.0,7.43,9.209494349259653,-1.7794943492596538
2010THOM03,hybrid,1454.0,8.08,9.208948967155672,-1.1289489671556723
2010THOM03,hybrid,1455.0,7.94,9.20840408275894,-1.2684040827589405
2010THOM03,hybrid,1456.0,11.6,9.207859695273662,2.392140304726338
2010THOM03,hybrid,1457.0,9.61,9.207315803905855,0.4026841960941443
2010THOM03,hybrid,1458.0,11.18,9.206772407863351,1.9732275921366487
2010THOM03,hybrid,1459.0,8.82,9.206229506355788,-0.3862295063557877
2010THOM03,hybrid,1460.0,7.52,9.205687098594609,-1.6856870985946095
2010THOM03,hybrid,1461.0,11.28,9.205145183793046,2.074854816206953
2010THOM03,hybrid,1462.0,8.14,9.204603761166132,-1.064603761166131
2010THOM03,hybrid,1463.0,9.35,9.204062829930677,0.14593717006932216
2010THOM03,hybrid,1464.0,8.69,9.203522389305277,-0.5135223893052778
2010THOM03,hybrid,1465.0,10.33,9.2029824385103,1.1270175614896996
2010THOM03,hybrid,1466.0,9.38,9.202442976767886,0.17755702323211509
2010THOM03,hybrid,1467.0,12.63,9.20190400330194,3.42809599669806
2010THOM03,hybrid,1468.0,12.0,9.201365517338125,2.7986344826618748
2010THOM03,hybrid,1469.0,8.34,9.20082751810386,-0.8608275181038607
2010THOM03,hybrid,1470.0,8.48,9.200290004828311,-0.7202900048283105
2010THOM03,hybrid,1471.0,12.94,9.199752976742388,3.740247023257611
2010THOM03,hybrid,1472.0,7.65,9.199216433078746,-1.5492164330787457
2010THOM03,hybrid,1473.0,8.72,9.198680373071763,-0.4786803730717626
2010THOM03,hybrid,1474.0,10.96,9.198144795957559,1.7618552040424422
2010THOM03,hybrid,1475.0,10.43,9.197609700973965,1.2323902990260347
2010THOM03,hybrid,1476.0,9.14,9.197075087360538,-0.05707508736053768
2010THOM03,hybrid,1477.0,10.61,9.196540954358548,1.413459045641451
2010THOM03,hybrid,1478.0,9.33,9.196007301210972,0.13399269878902764
2010THOM03,hybrid,1479.0,8.28,9.19547412716249,-0.91547412716249
2010THOM03,hybrid,1480.0,8.29,9.19494143145948,-0.9049414314594806
2010THOM03,hybrid,1481.0,10.34,9.194409213350019,1.145590786649981
2010THOM03,hybrid,1482.0,9.76,9.193877472083866,0.5661225279161339
2010THOM03,hybrid,1483.0,9.84,9.193346206912468,0.6466537930875322
2010THOM03,hybrid,1484.0,7.79,9.192815417088948,-1.4028154170889477
2010THOM03,hybrid,1485.0,9.87,9.192285101868105,0.6777148981318941
2010THOM03,hybrid,1486.0,7.95,9.191755260506406,-1.2417552605064062
2010THOM03,hybrid,1487.0,8.08,9.191225892261983,-1.1112258922619827
2010THOM03,hybrid,1488.0,10.48,9.190696996394628,1.2893030036053723
2010THOM03,hybrid,1489.0,9.19,9.190168572165785,-0.00016857216578536338
2010THOM03,hybrid,1490.0,8.31,9.189640618838547,-0.8796406188385468
2010THOM03,hybrid,1491.0,11.2,9.189113135677658,2.010886864322341
2010THOM03,hybrid,1492.0,8.56,9.188586121949498,-0.6285861219494979
2010THOM03,hybrid,1493.0,8.45,9.188059576922083,-0.7380595769220832
2010THOM03,hybrid,1494.0,7.27,9.187533499865054,-1.9175334998650548
2010THOM03,hybrid,1495.0,6.93,9.18700789004969,-2.2570078900496906
2010THOM03,hybrid,1496.0,9.62,9.186482746748883,0.43351725325111623
2010THOM03,hybrid,1497.0,9.4,9.18595806923714,0.2140419307628605
2010THOM03,hybrid,1498.0,10.03,9.185433856790585,0.8445661432094145
2010THOM03,hybrid,1499.0,8.66,9.18491010868695,-0.5249101086869494
2010THOM03,hybrid,1500.0,8.8,9.18438682420556,-0.3843868242055599
2010THOM03,hybrid,1501.0,8.8,9.183864002627352,-0.38386400262735165
2010THOM03,hybrid,1502.0,11.61,9.183341643234847,2.4266583567651523
2010THOM03,hybrid,1503.0,7.84,9.182819745312155,-1.3428197453121555
2010THOM03,hybrid,1504.0,13.87,9.182298308144976,4.687701691855024
2010THOM03,hybrid,1505.0,8.02,9.18177733102058,-1.1617773310205806
2010THOM03,hybrid,1506.0,8.95,9.181256813227824,-0.23125681322782476
2010THOM03,hybrid,1507.0,10.2,9.180736754057127,1.0192632459428719
2010THOM03,hybrid,1508.0,7.6,9.180217152800477,-1.5802171528004774
2010THOM03,hybrid,1509.0,9.49,9.179698008751421,0.31030199124857916
2010THOM03,hybrid,1510.0,10.25,9.17917932120507,1.0708206787949308
2010THOM03,hybrid,1511.0,6.98,9.178661089458078,-2.198661089458078
2010THOM03,hybrid,1512.0,9.25,9.178143312808656,0.07185668719134419
2010THOM03,hybrid,1513.0,10.73,9.177625990556553,1.5523740094434473
2010THOM03,hybrid,1514.0,8.17,9.17710912200306,-1.00710912200306
2010THOM03,hybrid,1515.0,10.36,9.176592706451004,1.1834072935489957
2010THOM03,hybrid,1516.0,10.9,9.176076743204737,1.7239232567952634
2010THOM03,hybrid,1517.0,7.82,9.175561231570144,-1.3555612315701442
2010THOM03,hybrid,1518.0,10.27,9.175046170854628,1.0949538291453713
2010THOM03,hybrid,1519.0,8.11,9.174531560367113,-1.0645315603671133
2010THOM03,hybrid,1520.0,8.81,9.17401739941803,-0.3640173994180298
2010THOM03,hybrid,1521.0,7.4,9.173503687319325,-1.7735036873193248
2010THOM03,hybrid,1522.0,9.01,9.172990423384444,-0.16299042338444458
2010THOM03,hybrid,1523.0,10.42,9.17247760692834,1.2475223930716606
2010THOM03,hybrid,1524.0,6.26,9.171965237267452,-2.9119652372674523
2010THOM03,hybrid,1525.0,8.66,9.17145331371972,-0.5114533137197199
2010THOM03,hybrid,1526.0,5.57,9.17094183560457,-3.6009418356045693
2010THOM03,hybrid,1527.0,7.13,9.170430802242905,-2.0404308022429047
2010THOM03,hybrid,1528.0,7.79,9.169920212957113,-1.3799202129571126
2010THOM03,hybrid,1529.0,7.06,9.169410067071055,-2.109410067071056
2010THOM03,hybrid,1530.0,8.97,9.168900363910065,-0.19890036391006483
2010THOM03,hybrid,1531.0,9.06,9.168391102800943,-0.10839110280094211
2010THOM03,hybrid,1532.0,9.08,9.167882283071949,-0.08788228307194856
2010THOM03,hybrid,1533.0,7.47,9.167373904052802,-1.6973739040528022
2010THOM03,hybrid,1534.0,8.91,9.16686596507468,-0.2568659650746792
2010THOM03,hybrid,1535.0,11.22,9.166358465470203,2.053641534529797
2010THOM03,hybrid,1536.0,11.07,9.165851404573443,1.9041485954265571
2010THOM03,hybrid,1537.0,9.43,9.165344781719913,0.26465521828008676
2010THOM03,hybrid,1538.0,10.12,9.164838596246565,0.9551614037534346
2010THOM03,hybrid,1539.0,8.06,9.16433284749178,-1.1043328474917793
2010THOM03,hybrid,1540.0,9.46,9.163827534795375,0.29617246520462537
2010THOM03,hybrid,1541.0,10.44,9.16332265749859,1.2766773425014097
2010THOM03,hybrid,1542.0,9.3,9.162818214944085,0.13718178505591538
2010THOM03,hybrid,1543.0,9.4,9.16231420647594,0.23768579352405972
2010THOM03,hybrid,1544.0,9.79,9.16181063143965,0.6281893685603492
2010THOM03,hybrid,1545.0,9.56,9.16130748918212,0.39869251081788093
2010THOM03,hybrid,1546.0,10.12,9.160804779051656,0.9591952209483434
2010THOM03,hybrid,1547.0,8.4,9.160302500397973,-0.7603025003979731
2010THOM03,hybrid,1548.0,12.31,9.159800652572178,3.1501993474278223
2010THOM03,hybrid,1549.0,7.34,9.159299234926777,-1.8192992349267776
2010THOM03,hybrid,1550.0,9.7,9.158798246815666,0.5412017531843336
2010THOM03,hybrid,1551.0,9.05,9.158297687594121,-0.10829768759412062
2010THOM03,hybrid,1552.0,8.7,9.15779755661881,-0.45779755661881083
2010THOM03,hybrid,1553.0,9.6,9.157297853247773,0.44270214675222697
2010THOM03,hybrid,1554.0,7.63,9.156798576840428,-1.5267985768404282
2010THOM03,hybrid,1555.0,7.32,9.156299726757561,-1.8362997267575611
2010THOM03,hybrid,1556.0,9.73,9.15580130236133,0.5741986976386713
2010THOM03,hybrid,1557.0,9.62,9.155303303015252,0.46469669698474725
2010THOM03,hybrid,1558.0,9.93,9.154805728084206,0.7751942719157938
2010THOM03,hybrid,1559.0,7.67,9.154308576934428,-1.4843085769344277
2010THOM03,hybrid,1560.0,7.88,9.1538118489335,-1.2738118489335006
2010THOM03,hybrid,1561.0,10.5,9.153315543450363,1.346684456549637
2010THOM03,hybrid,1562.0,12.16,9.152819659855291,3.007180340144709
2010THOM03,hybrid,1563.0,8.9,9.152324197519908,-0.25232419751990776
2010THOM03,hybrid,1564.0,10.29,9.151829155817168,1.1381708441828309
2010THOM03,hybrid,1565.0,11.31,9.151334534121368,2.1586654658786326
2010THOM03,hybrid,1566.0,10.24,9.150840331808123,1.0891596681918774
2010THOM03,hybrid,1567.0,9.18,9.150346548254381,0.029653451745618398
2010THOM03,hybrid,1568.0,7.36,9.149853182838415,-1.7898531828384145
2010THOM03,hybrid,1569.0,9.26,9.149360234939811,0.11063976506018847
2010THOM03,hybrid,1570.0,11.13,9.148867703939473,1.9811322960605278
2010THOM03,hybrid,1571.0,11.3,9.148375589219615,2.1516244107803857
2010THOM03,hybrid,1572.0,11.89,9.147883890163762,2.742116109836239
2010THOM03,hybrid,1573.0,6.93,9.14739260615674,-2.217392606156741
2010THOM03,hybrid,1574.0,10.41,9.14690173658468,1.263098263415321
2010THOM03,hybrid,1575.0,8.63,9.146411280835004,-0.516411280835003
2010THOM03,hybrid,1576.0,9.45,9.145921238296431,0.3040787617035683
2010THOM03,hybrid,1577.0,8.39,9.145431608358974,-0.7554316083589736
2010THOM03,hybrid,1578.0,6.93,9.144942390413926,-2.214942390413926
2010THOM03,hybrid,1579.0,8.78,9.144453583853865,-0.36445358385386584
2010THOM03,hybrid,1580.0,7.42,9.143965188072652,-1.7239651880726523
2010THOM03,hybrid,1581.0,12.32,9.14347720246542,3.176522797534581
2010THOM03,hybrid,1582.0,12.07,9.142989626428575,2.9270103735714255
2010THOM03,hybrid,1583.0,10.89,9.142502459359793,1.7474975406402073
2010THOM03,hybrid,1584.0,10.32,9.142015700658018,1.1779842993419827
2010THOM03,hybrid,1585.0,9.71,9.14152934972345,0.5684706502765504
2010THOM03,hybrid,1586.0,9.31,9.141043405957554,0.1689565940424469
2010THOM03,hybrid,1587.0,6.82,9.140557868763045,-2.3205578687630446
2010THOM03,hybrid,1588.0,8.64,9.140072737543893,-0.500072737543892
2010THOM03,hybrid,1589.0,11.02,9.139588011705317,1.8804119882946821
2010THOM03,hybrid,1590.0,9.1,9.13910369065378,-0.039103690653780276
2010THOM03,hybrid,1591.0,8.25,9.138619773796982,-0.8886197737969823
2010THOM03,hybrid,1592.0,6.87,9.138136260543872,-2.268136260543872
2010THOM03,hybrid,1593.0,8.23,9.137653150304622,-0.9076531503046219
2010THOM03,hybrid,1594.0,8.78,9.137170442490644,-0.357170442490645
2010THOM03,hybrid,1595.0,8.57,9.136688136514573,-0.5666881365145731
2010THOM03,hybrid,1596.0,8.8,9.136206231790274,-0.336206231790273
2010THOM03,hybrid,1597.0,9.28,9.135724727732828,0.14427527226717096
2010THOM03,hybrid,1598.0,9.37,9.135243623758535,0.23475637624146373
2010THOM03,hybrid,1599.0,6.95,9.134762919284917,-2.1847629192849167
2010THOM03,hybrid,1600.0,12.85,9.134282613730697,3.7157173862693025
2010THOM03,hybrid,1601.0,9.77,9.133802706515816,0.6361972934841837
2010THOM03,hybrid,1602.0,9.18,9.133323197061411,0.046676802938588224
2010THOM03,hybrid,1603.0,7.77,9.13284408478983,-1.362844084789831
2010THOM03,hybrid,1604.0,7.5,9.132365369124614,-1.6323653691246136
2010THOM03,hybrid,1605.0,7.2,9.131887049490498,-1.9318870494904976
2010THOM03,hybrid,1606.0,9.23,9.131409125313416,0.09859087468658423
2010THOM03,hybrid,1607.0,10.86,9.130931596020483,1.7290684039795163
2010THOM03,hybrid,1608.0,7.43,9.130454461040006,-1.7004544610400067
2010THOM03,hybrid,1609.0,9.72,9.12997771980147,0.5900222801985304
2010THOM03,hybrid,1610.0,8.49,9.129501371735541,-0.6395013717355411
2010THOM03,hybrid,1611.0,10.02,9.129025416274064,0.8909745837259351
2010THOM03,hybrid,1612.0,12.06,9.128549852850053,2.9314501471499472
2010THOM03,hybrid,1613.0,7.97,9.128074680897694,-1.1580746808976938
2010THOM03,hybrid,1614.0,9.83,9.127599899852337,0.7024001001476634
2010THOM03,hybrid,1615.0,7.15,9.127125509150499,-1.9771255091504987
2010THOM03,hybrid,1616.0,9.97,9.126651508229859,0.8433484917701417
2010THOM03,hybrid,1617.0,7.01,9.126177896529247,-2.1161778965292477
2010THOM03,hybrid,1618.0,8.32,9.125704673488654,-0.8057046734886537
2010THOM03,hybrid,1619.0,9.64,9.125231838549217,0.5147681614507835
2010THOM03,hybrid,1620.0,7.53,9.124759391153225,-1.5947593911532243
2010THOM03,hybrid,1621.0,10.09,9.124287330744108,0.9657126692558915
2010THOM03,hybrid,1622.0,8.46,9.123815656766444,-0.6638156567664435
2010THOM03,hybrid,1623.0,6.69,9.123344368665945,-2.433344368665945
2010THOM03,hybrid,1624.0,10.16,9.122873465889459,1.0371265341105413
2010THOM03,hybrid,1625.0,8.2,9.12240294788497,-0.9224029478849705
2010THOM03,hybrid,1626.0,9.4,9.12193281410159,0.2780671858984096
2010THOM03,hybrid,1627.0,9.14,9.121463063989559,0.018536936010441707
2010THOM03,hybrid,1628.0,8.46,9.120993697000237,-0.6609936970002366
2010THOM03,hybrid,1629.0,7.71,9.120524712586112,-1.4105247125861125
2010THOM03,hybrid,1630.0,7.77,9.120056110200784,-1.350056110200784
2010THOM03,hybrid,1631.0,7.78,9.119587889298968,-1.3395878892989677
2010THOM03,hybrid,1632.0,10.45,9.119120049336495,1.3308799506635047
2010THOM03,hybrid,1633.0,8.73,9.118652589770303,-0.38865258977030237
2010THOM03,hybrid,1634.0,8.84,9.118185510058437,-0.27818551005843695
2010THOM03,hybrid,1635.0,9.81,9.11771880966004,0.6922811903399602
2010THOM03,hybrid,1636.0,14.06,9.117252488035366,4.942747511964635
2010THOM03,hybrid,1637.0,10.79,9.116786544645755,1.6732134553542437
2010THOM03,hybrid,1638.0,7.65,9.116320978953647,-1.4663209789536467
2010THOM03,hybrid,1639.0,9.12,9.115855790422575,0.004144209577424007
2010THOM03,hybrid,1640.0,7.88,9.115390978517159,-1.2353909785171586
2010THOM03,hybrid,1641.0,8.43,9.1149265427031,-0.684926542703101
2010THOM03,hybrid,1642.0,10.69,9.114462482447191,1.5755375175528084
2010THOM03,hybrid,1643.0,7.95,9.1139987972173,-1.1639987972173005
2010THOM03,hybrid,1644.0,8.44,9.113535486482371,-0.6735354864823719
2010THOM03,hybrid,1645.0,7.48,9.113072549712426,-1.6330725497124252
2010THOM03,hybrid,1646.0,7.49,9.112609986378557,-1.6226099863785564
2010THOM03,hybrid,1647.0,10.41,9.112147795952922,1.2978522040470786
2010THOM03,hybrid,1648.0,8.99,9.111685977908751,-0.12168597790875069
2010THOM03,hybrid,1649.0,8.87,9.111224531720332,-0.24122453172033254
2010THOM03,hybrid,1650.0,8.45,9.110763456863015,-0.6607634568630161
2010THOM03,hybrid,1651.0,10.19,9.110302752813212,1.0796972471867878
2010THOM03,hybrid,1652.0,10.21,9.10984241904838,1.1001575809516204
2010THOM03,hybrid,1653.0,6.48,9.109382455047037,-2.629382455047036
2010THOM03,hybrid,1654.0,9.19,9.108922860288745,0.08107713971125463
2010THOM03,hybrid,1655.0,6.99,9.108463634254118,-2.118463634254118
2010THOM03,hybrid,1656.0,12.09,9.108004776424808,2.9819952235751916
2010THOM03,hybrid,1657.0,8.63,9.107546286283512,-0.4775462862835109
2010THOM03,hybrid,1658.0,8.94,9.107088163313964,-0.1670881633139647
2010THOM03,hybrid,1659.0,9.44,9.106630407000932,0.3333695929990679
2010THOM03,hybrid,1660.0,8.4,9.10617301683022,-0.7061730168302205
2010THOM03,hybrid,1661.0,8.4,9.105715992288664,-0.7057159922886633
2010THOM03,hybrid,1662.0,8.29,9.105259332864122,-0.8152593328641231
2010THOM03,hybrid,1663.0,11.75,9.104803038045478,2.6451969619545217
2010THOM03,hybrid,1664.0,12.84,9.104347107322644,3.735652892677356
2010THOM03,hybrid,1665.0,7.7,9.103891540186545,-1.403891540186545
2010THOM03,hybrid,1666.0,6.95,9.103436336129127,-2.1534363361291264
2010THOM03,hybrid,1667.0,9.39,9.102981494643346,0.2870185053566541
2010THOM03,hybrid,1668.0,12.3,9.102527015223178,3.197472984776823
2010THOM03,hybrid,1669.0,7.84,9.102072897363598,-1.2620728973635984
2010THOM03,hybrid,1670.0,7.62,9.101619140560594,-1.4816191405605936
2010THOM03,hybrid,1671.0,8.3,9.101165744311155,-0.8011657443111542
2010THOM03,hybrid,1672.0,7.86,9.100712708113274,-1.240712708113274
2010THOM03,hybrid,1673.0,8.19,9.10026003146594,-0.9102600314659401
2010THOM03,hybrid,1674.0,8.83,9.099807713869138,-0.26980771386913815
2010THOM03,hybrid,1675.0,9.31,9.09935575482385,0.21064424517614988
2010THOM03,hybrid,1676.0,8.82,9.098904153832045,-0.2789041538320447
2010THOM03,hybrid,1677.0,8.73,9.098452910396682,-0.36845291039668204
2010THOM03,hybrid,1678.0,8.65,9.098002024021707,-0.4480020240217062
2010THOM03,hybrid,1679.0,7.32,9.097551494212045,-1.7775514942120445
2010THOM03,hybrid,1680.0,8.86,9.097101320473607,-0.23710132047360766
2010THOM03,hybrid,1681.0,10.41,9.09665150231328,1.3133484976867198
2010THOM03,hybrid,1682.0,10.46,9.096202039238927,1.3637979607610742
2010THOM03,hybrid,1683.0,8.46,9.095752930759383,-0.6357529307593826
2010THOM03,hybrid,1684.0,10.93,9.095304176384456,1.8346958236155437
2010THOM03,hybrid,1685.0,12.19,9.094855775624918,3.0951442243750815
2010THOM03,hybrid,1686.0,7.59,9.094407727992515,-1.5044077279925148
2010THOM03,hybrid,1687.0,9.35,9.093960032999945,0.2560399670000546
2010THOM03,hybrid,1688.0,9.4,9.093512690160875,0.30648730983912564
2010THOM03,hybrid,1689.0,9.65,9.09306569898993,0.5569343010100702
2010THOM03,hybrid,1690.0,8.01,9.092619059002686,-1.0826190590026865
2010THOM03,hybrid,1691.0,7.75,9.092172769715678,-1.3421727697156776
2010THOM03,hybrid,1692.0,16.04,9.091726830646385,6.948273169353614
2010THOM03,hybrid,1693.0,8.09,9.091281241313244,-1.0012812413132437
2010THOM03,hybrid,1694.0,9.82,9.090836001235628,0.7291639987643723
2010THOM03,hybrid,1695.0,10.36,9.090391109933863,1.2696088900661362
2010THOM03,hybrid,1696.0,9.96,9.089946566929209,0.8700534330707921
2010THOM03,hybrid,1697.0,10.97,9.089502371743869,1.8804976282561316
2010THOM03,hybrid,1698.0,10.14,9.089058523900983,1.050941476099018
2010THOM03,hybrid,1699.0,11.23,9.08861502292462,2.141384977075381
2010THOM03,hybrid,1700.0,7.16,9.088171868339785,-1.9281718683397848
2010THOM03,hybrid,1701.0,9.75,9.087729059672414,0.6622709403275859
2010THOM03,hybrid,1702.0,8.51,9.087286596449365,-0.5772865964493654
2010THOM03,hybrid,1703.0,9.62,9.086844478198426,0.5331555218015733
2010THOM03,hybrid,1704.0,8.78,9.086402704448302,-0.30640270444830264
2010THOM03,hybrid,1705.0,7.67,9.085961274728621,-1.4159612747286214
2010THOM03,hybrid,1706.0,9.28,9.085520188569928,0.19447981143007098
2010THOM03,hybrid,1707.0,7.17,9.085079445503686,-1.915079445503686
2010THOM03,hybrid,1708.0,9.68,9.084639045062266,0.5953609549377337
2010THOM03,hybrid,1709.0,12.02,9.084198986778953,2.935801013221047
2010THOM03,hybrid,1710.0,10.21,9.083759270187938,1.1262407298120625
2010THOM03,hybrid,1711.0,11.5,9.08331989482432,2.416680105175679
2010THOM03,hybrid,1712.0,7.16,9.082880860224105,-1.9228808602241045
2010THOM03,hybrid,1713.0,8.0,9.08244216592419,-1.0824421659241903
2010THOM03,hybrid,1714.0,8.54,9.082003811462386,-0.5420038114623864
2010THOM03,hybrid,1715.0,10.91,9.081565796377385,1.8284342036226153
2010THOM03,hybrid,1716.0,9.23,9.081128120208787,0.14887187979121386
2010THOM03,hybrid,1717.0,9.96,9.080690782497078,0.8793092175029233
2010THOM03,hybrid,1718.0,8.59,9.080253782783632,-0.49025378278363263
2010THOM03,hybrid,1719.0,10.01,9.07981712061072,0.9301828793892799
2010THOM03,hybrid,1720.0,7.82,9.07938079552149,-1.2593807955214888
2010THOM03,hybrid,1721.0,11.02,9.078944807059974,1.9410551929400253
2010THOM03,hybrid,1722.0,9.04,9.07850915477109,-0.0385091547710914
2010THOM03,hybrid,1723.0,8.18,9.078073838200634,-0.8980738382006344
2010THOM03,hybrid,1724.0,7.96,9.077638856895277,-1.1176388568952769
2010THOM03,hybrid,1725.0,12.05,9.077204210402563,2.9727957895974377
2010THOM03,hybrid,1726.0,7.86,9.076769898270912,-1.216769898270912
2010THOM03,hybrid,1727.0,9.02,9.076335920049614,-0.056335920049614074
2010THOM03,hybrid,1728.0,8.26,9.075902275288824,-0.8159022752888241
2010THOM03,hybrid,1729.0,11.11,9.075468963539565,2.034531036460434
2010THOM03,hybrid,1730.0,9.03,9.075035984353724,-0.045035984353724245
2010THOM03,hybrid,1731.0,8.62,9.07460333728405,-0.4546033372840501
2010THOM03,hybrid,1732.0,8.68,9.07417102188415,-0.39417102188414965
2010THOM03,hybrid,1733.0,9.91,9.073739037708487,0.8362609622915134
2010THOM03,hybrid,1734.0,6.41,9.073307384312383,-2.6633073843123825
2010THOM03,hybrid,1735.0,8.54,9.072876061252012,-0.5328760612520131
2010THOM03,hybrid,1736.0,8.81,9.072445068084395,-0.2624450680843946
2010THOM03,hybrid,1737.0,14.74,9.072014404367408,5.667985595632592
2010THOM03,hybrid,1738.0,10.37,9.071584069659767,1.2984159303402318
2010THOM03,hybrid,1739.0,7.38,9.071154063521037,-1.6911540635210374
2010THOM03,hybrid,1740.0,7.36,9.070724385511626,-1.710724385511626
2010THOM03,hybrid,1741.0,8.3,9.070295035192778,-0.7702950351927775
2010THOM03,hybrid,1742.0,8.98,9.069866012126578,-0.08986601212657774
2010THOM03,hybrid,1743.0,8.67,9.069437315875948,-0.39943731587594833
2010THOM03,hybrid,1744.0,7.6,9.069008946004645,-1.4690089460046458
2010THOM03,hybrid,1745.0,9.72,9.068580902077253,0.6514190979227479
2010THOM03,hybrid,1746.0,9.69,9.06815318365919,0.6218468163408097
2010THOM03,hybrid,1747.0,10.33,9.0677257903167,1.2622742096832997
2010THOM03,hybrid,1748.0,9.51,9.067298721616856,0.44270127838314366
2010THOM03,hybrid,1749.0,8.13,9.066871977127551,-0.9368719771275504
2010THOM03,hybrid,1750.0,8.59,9.066445556417502,-0.4764455564175023
2010THOM03,hybrid,1751.0,9.7,9.066019459056246,0.6339805409437531
2010THOM03,hybrid,1752.0,6.59,9.065593684614136,-2.475593684614136
2010THOM03,hybrid,1753.0,9.89,9.065168232662343,0.824831767337658
2010THOM03,hybrid,1754.0,9.27,9.064743102772848,0.20525689722715157
2010THOM03,hybrid,1755.0,8.7,9.064318294518447,-0.36431829451844777
2010THOM03,hybrid,1756.0,7.85,9.063893807472745,-1.2138938074727452
2010THOM03,hybrid,1757.0,9.68,9.063469641210153,0.6165303587898467
2010THOM03,hybrid,1758.0,8.11,9.06304579530589,-0.95304579530589
2010THOM03,hybrid,1759.0,14.08,9.062622269335979,5.0173777306640215
2010THOM03,hybrid,1760.0,7.78,9.06219906287724,-1.2821990628772406
2010THOM03,hybrid,1761.0,7.93,9.061776175507301,-1.1317761755073015
2010THOM03,hybrid,1762.0,12.42,9.06135360680458,3.3586463931954196
2010THOM03,hybrid,1763.0,8.77,9.060931356348295,-0.29093135634829537
2010THOM03,hybrid,1764.0,10.84,9.060509423718456,1.7794905762815443
2010THOM03,hybrid,1765.0,9.66,9.060087808495865,0.599912191504135
2010THOM03,hybrid,1766.0,8.81,9.059666510262117,-0.2496665102621165
2010THOM03,hybrid,1767.0,14.06,9.059245528599591,5.000754471400409
2010THOM03,hybrid,1768.0,8.0,9.058824863091456,-1.0588248630914556
2010THOM03,hybrid,1769.0,9.18,9.05840451332166,0.12159548667833953
2010THOM03,hybrid,1770.0,8.8,9.057984478874939,-0.25798447887493836
2010THOM03,hybrid,1771.0,13.05,9.057564759336806,3.9924352406631947
2010THOM03,hybrid,1772.0,9.09,9.057145354293553,0.03285464570644692
2010THOM03,hybrid,1773.0,8.05,9.05672626333225,-1.006726263332249
2010THOM03,hybrid,1774.0,8.98,9.056307486040739,-0.07630748604073823
2010THOM03,hybrid,1775.0,7.76,9.055889022007637,-1.2958890220076373
2010THOM03,hybrid,1776.0,7.8,9.055470870822333,-1.2554708708223332
2010THOM03,hybrid,1777.0,8.59,9.05505303207498,-0.46505303207498017
2010THOM03,hybrid,1778.0,8.51,9.054635505356504,-0.5446355053565046
2010THOM03,hybrid,1779.0,9.88,9.054218290258593,0.825781709741408
2010THOM03,hybrid,1780.0,7.9,9.053801386373701,-1.1538013863737007
2010THOM03,hybrid,1781.0,7.63,9.053384793295038,-1.423384793295038
2010THOM03,hybrid,1782.0,9.19,9.052968510616582,0.1370314893834177
2010THOM03,hybrid,1783.0,8.33,9.052552537933062,-0.722552537933062
2010THOM03,hybrid,1784.0,10.51,9.052136874839965,1.457863125160035
2010THOM03,hybrid,1785.0,11.98,9.051721520933533,2.928278479066467
2010THOM03,hybrid,1786.0,8.78,9.05130647581076,-0.2713064758107606
2010THOM03,hybrid,1787.0,8.72,9.05089173906939,-0.33089173906938996
2010THOM03,hybrid,1788.0,7.96,9.05047731030792,-1.0904773103079206
2010THOM03,hybrid,1789.0,7.43,9.050063189125586,-1.6200631891255863
2010THOM03,hybrid,1790.0,12.06,9.049649375122376,3.010350624877624
2010THOM03,hybrid,1791.0,9.18,9.049235867899018,0.1307641321009818
2010THOM03,hybrid,1792.0,7.7,9.048822667056982,-1.3488226670569814
2010THOM03,hybrid,1793.0,10.97,9.048409772198477,1.9215902278015236
2010THOM03,hybrid,1794.0,8.27,9.047997182926453,-0.7779971829264536
2010THOM03,hybrid,1795.0,8.08,9.047584898844594,-0.9675848988445939
2010THOM03,hybrid,1796.0,8.63,9.047172919557317,-0.4171729195573164
2010THOM03,hybrid,1797.0,9.52,9.046761244669776,0.4732387553302235
2010THOM03,hybrid,1798.0,9.95,9.04634987378785,0.903650126212149
2010THOM03,hybrid,1799.0,10.18,9.045938806518151,1.1340611934818483
2010THOM03,hybrid,1800.0,10.62,9.04552804246802,1.5744719575319799
2010THOM03,hybrid,1801.0,10.13,9.045117581245517,1.0848824187544839
2010THOM03,hybrid,1802.0,10.35,9.044707422459433,1.3052925775405662
2010THOM03,hybrid,1803.0,8.38,9.044297565719278,-0.6642975657192771
2010THOM03,hybrid,1804.0,8.78,9.043888010635282,-0.26388801063528255
2010THOM03,hybrid,1805.0,8.17,9.043478756818393,-0.8734787568183933
2010THOM03,hybrid,1806.0,8.97,9.043069803880279,-0.07306980388027817
2010THOM03,hybrid,1807.0,22.07,9.042661151433322,13.027338848566679
2010THOM03,hybrid,1808.0,11.13,9.042252799090614,2.087747200909387
2010THOM03,hybrid,1809.0,8.19,9.041844746465964,-0.8518447464659644
2010THOM03,hybrid,1810.0,9.63,9.041436993173889,0.5885630068261118
2010THOM03,hybrid,1811.0,8.81,9.041029538829614,-0.2310295388296133
2010THOM03,hybrid,1812.0,9.75,9.040622383049069,0.7093776169509312
2010THOM03,hybrid,1813.0,12.29,9.040215525448893,3.249784474551106
2010THOM03,hybrid,1814.0,10.39,9.039808965646428,1.350191034353573
2010THOM03,hybrid,1815.0,14.73,9.039402703259713,5.690597296740288
2010THOM03,hybrid,1816.0,8.47,9.03899673790749,-0.5689967379074901
2010THOM03,hybrid,1817.0,12.06,9.038591069209202,3.0214089307907983
2010THOM03,hybrid,1818.0,10.15,9.038185696784984,1.1118143032150165
2010THOM03,hybrid,1819.0,10.33,9.037780620255669,1.2922193797443313
2010THOM03,hybrid,1820.0,10.95,9.037375839242781,1.9126241607572183
2010THOM03,hybrid,1821.0,10.02,9.03697135336854,0.9830286466314604
2010THOM03,hybrid,1822.0,9.88,9.03656716225585,0.8434328377441513
2010THOM03,hybrid,1823.0,9.33,9.036163265528307,0.293836734471693
2010THOM03,hybrid,1824.0,11.31,9.035759662810197,2.274240337189804
2010THOM03,hybrid,1825.0,9.78,9.035356353726485,0.7446436462735146
2010THOM03,hybrid,1826.0,11.29,9.03495333790282,2.255046662097179
2010THOM03,hybrid,1827.0,8.13,9.03455061496554,-0.9045506149655385
2010THOM03,hybrid,1828.0,8.17,9.034148184541653,-0.8641481845416532
2010THOM03,hybrid,1829.0,10.92,9.033746046258855,1.8862539537411447
2010THOM03,hybrid,1830.0,7.48,9.033344199745514,-1.5533441997455135
2010THOM03,hybrid,1831.0,11.53,9.032942644630674,2.497057355369325
2010THOM03,hybrid,1832.0,9.79,9.032541380544055,0.7574586194559441
2010THOM03,hybrid,1833.0,10.55,9.032140407116048,1.5178595928839531
2010THOM03,hybrid,1834.0,8.38,9.031739723977712,-0.6517397239777107
2010THOM03,hybrid,1835.0,9.43,9.03133933076078,0.39866066923922006
2010THOM03,hybrid,1836.0,6.34,9.030939227097651,-2.690939227097651
2010THOM03,hybrid,1837.0,6.83,9.030539412621385,-2.200539412621385
2010THOM03,hybrid,1838.0,8.06,9.030139886965717,-0.9701398869657165
2010THOM03,hybrid,1839.0,10.21,9.029740649765033,1.1802593502349676
2010THOM03,hybrid,1840.0,8.58,9.02934170065439,-0.44934170065439005
2010THOM03,hybrid,1841.0,8.89,9.028943039269498,-0.13894303926949725
2010THOM03,hybrid,1842.0,8.02,9.028544665246727,-1.0085446652467276
2010THOM03,hybrid,1843.0,7.45,9.028146578223108,-1.5781465782231079
2010THOM03,hybrid,1844.0,7.48,9.02774877783632,-1.5477487778363201
2010THOM03,hybrid,1845.0,8.77,9.027351263724702,-0.2573512637247024
2010THOM03,hybrid,1846.0,10.22,9.02695403552724,1.193045964472761
2010THOM03,hybrid,1847.0,11.76,9.026557092883573,2.7334429071164266
2010THOM03,hybrid,1848.0,9.73,9.02616043543399,0.7038395645660103
2010THOM03,hybrid,1849.0,8.64,9.025764062819425,-0.3857640628194243
2010THOM03,hybrid,1850.0,8.74,9.025367974681458,-0.28536797468145814
2010THOM03,hybrid,1851.0,9.03,9.024972170662316,0.005027829337683087
2010THOM03,hybrid,1852.0,13.25,9.02457665040487,4.225423349595131
2010THOM03,hybrid,1853.0,10.03,9.024181413552624,1.0058185864473757
2010THOM03,hybrid,1854.0,8.78,9.023786459749731,-0.24378645974973168
2010THOM03,hybrid,1855.0,11.63,9.02339178864098,2.6066082113590205
2010THOM03,hybrid,1856.0,11.36,9.022997399871794,2.337002600128205
2010THOM03,hybrid,1857.0,8.07,9.022603293088235,-0.9526032930882344
2010THOM03,hybrid,1858.0,7.81,9.022209467937,-1.212209467937
2010THOM03,hybrid,1859.0,9.44,9.021815924065411,0.4181840759345885
2010THOM03,hybrid,1860.0,12.13,9.021422661121429,3.108577338878572
2010THOM03,hybrid,1861.0,10.74,9.021029678753642,1.718970321246358
2010THOM03,hybrid,1862.0,10.71,9.020636976611264,1.6893630233887365
2010THOM03,hybrid,1863.0,11.24,9.02024455434414,2.21975544565586
2010THOM03,hybrid,1864.0,10.24,9.019852411602738,1.2201475883972623
2010THOM03,hybrid,1865.0,8.69,9.019460548038147,-0.3294605480381474
2010THOM03,hybrid,1866.0,11.53,9.01906896330208,2.5109310366979187
2010THOM03,hybrid,1867.0,7.63,9.018677657046876,-1.388677657046876
2010THOM03,hybrid,1868.0,7.85,9.018286628925486,-1.168286628925486
2010THOM03,hybrid,1869.0,9.4,9.017895878591482,0.3821041214085188
2010THOM03,hybrid,1870.0,9.27,9.017505405699053,0.2524945943009467
2010THOM03,hybrid,1871.0,11.33,9.017115209903002,2.312884790096998
2010THOM03,hybrid,1872.0,9.25,9.016725290858748,0.23327470914125215
2010THOM03,hybrid,1873.0,13.32,9.01633564822232,4.30366435177768
2010THOM03,hybrid,1874.0,10.17,9.015946281650358,1.1540537183496422
2010THOM03,hybrid,1875.0,10.42,9.01555719080011,1.4044428091998906
2010THOM03,hybrid,1876.0,10.0,9.015168375329438,0.9848316246705622
2010THOM03,hybrid,1877.0,9.08,9.014779834896803,0.06522016510319695
2010THOM03,hybrid,1878.0,11.34,9.01439156916128,2.32560843083872
2010THOM03,hybrid,1879.0,9.85,9.014003577782537,0.8359964222174625
2010THOM03,hybrid,1880.0,8.76,9.013615860420854,-0.2536158604208545
2010THOM03,hybrid,1881.0,10.74,9.013228416737107,1.7267715832628934
2010THOM03,hybrid,1882.0,11.98,9.012841246392773,2.9671587536072277
2010THOM03,hybrid,1883.0,8.14,9.012454349049927,-0.8724543490499261
2010THOM03,hybrid,1884.0,9.76,9.012067724371242,0.7479322756287576
2010THOM03,hybrid,1885.0,7.85,9.011681372019986,-1.1616813720199861
2010THOM03,hybrid,1886.0,8.1,9.011295291660021,-0.9112952916600214
2010THOM03,hybrid,1887.0,9.63,9.010909482955803,0.6190905170441976
2010THOM03,hybrid,1888.0,7.11,9.010523945572375,-1.9005239455723748
2010THOM03,hybrid,1889.0,8.35,9.010138679175377,-0.6601386791753772
2010THOM03,hybrid,1890.0,9.56,9.009753683431033,0.5502463165689679
2010THOM03,hybrid,1891.0,9.8,9.009368958006155,0.790631041993846
2010THOM03,hybrid,1892.0,7.88,9.008984502568143,-1.1289845025681435
2010THOM03,hybrid,1893.0,8.93,9.00860031678498,-0.07860031678498025
2010THOM03,hybrid,1894.0,9.38,9.008216400325233,0.3717835996747674
2010THOM03,hybrid,1895.0,9.54,9.007832752858054,0.5321672471419454
2010THOM03,hybrid,1896.0,8.14,9.007449374053168,-0.8674493740531677
2010THOM03,hybrid,1897.0,7.42,9.007066263580887,-1.587066263580887
2010THOM03,hybrid,1898.0,6.99,9.006683421112097,-2.0166834211120968
2010THOM03,hybrid,1899.0,7.65,9.006300846318263,-1.3563008463182626
2010THOM03,hybrid,1900.0,9.67,9.005918538871425,0.6640814611285748
2010THOM03,hybrid,1901.0,11.49,9.005536498444197,2.484463501555803
2010THOM03,hybrid,1902.0,7.36,9.005154724709765,-1.6451547247097649
2010THOM03,hybrid,1903.0,8.41,9.004773217341887,-0.5947732173418867
2010THOM03,hybrid,1904.0,9.73,9.004391976014892,0.7256080239851084
2010THOM03,hybrid,1905.0,7.36,9.004011000403676,-1.6440110004036752
2010THOM03,hybrid,1906.0,10.57,9.003630290183706,1.5663697098162945
2010THOM03,hybrid,1907.0,10.82,9.003249845031013,1.8167501549689877
2010THOM03,hybrid,1908.0,9.56,9.002869664622192,0.5571303353778081
2010THOM03,hybrid,1909.0,10.6,9.002489748634407,1.597510251365593
2010THOM03,hybrid,1910.0,10.23,9.002110096745376,1.2278899032546242
2010THOM03,hybrid,1911.0,7.74,9.001730708633387,-1.2617307086333867
2010THOM03,hybrid,1912.0,8.58,9.001351583977282,-0.4213515839772821
2010THOM03,hybrid,1913.0,8.08,9.000972722456465,-0.9209727224564652
2010THOM03,hybrid,1914.0,10.81,9.000594123750895,1.8094058762491052
2010THOM03,hybrid,1915.0,9.11,9.00021578754109,0.10978421245890857
2010THOM03,hybrid,1916.0,9.97,8.999837713508121,0.9701622864918793
2010THOM03,hybrid,1917.0,9.4,8.999459901333614,0.4005400986663865
2010THOM03,hybrid,1918.0,8.43,8.999082350699744,-0.5690823506997447
2010THOM03,hybrid,1919.0,16.4,8.998705061289243,7.401294938710755
2010THOM03,hybrid,1920.0,9.4,8.998328032785388,0.40167196721461274
2010THOM03,hybrid,1921.0,10.01,8.997951264872004,1.0120487351279959
2010THOM03,hybrid,1922.0,8.0,8.99757475723347,-0.9975747572334708
2010THOM03,hybrid,1923.0,7.06,8.997198509554707,-1.9371985095547073
2010THOM03,hybrid,1924.0,8.81,8.99682252152118,-0.1868225215211794
2010THOM03,hybrid,1925.0,12.69,8.996446792818897,3.693553207181102
2010THOM03,hybrid,1926.0,8.87,8.996071323134412,-0.12607132313441305
2010THOM03,hybrid,1927.0,7.88,8.995696112154821,-1.1156961121548212
2010THOM03,hybrid,1928.0,9.12,8.995321159567757,0.12467884043224231
2010THOM03,hybrid,1929.0,9.97,8.99494646506139,0.9750535349386098
2010THOM03,hybrid,1930.0,15.18,8.994572028324434,6.185427971675566
2010THOM03,hybrid,1931.0,9.35,8.994197849046136,0.35580215095386336
2010THOM03,hybrid,1932.0,8.04,8.993823926916276,-0.9538239269162769
2010THOM03,hybrid,1933.0,9.0,8.993450261625172,0.0065497383748276405
2010THOM03,hybrid,1934.0,6.42,8.993076852863675,-2.573076852863675
2010THOM03,hybrid,1935.0,7.33,8.992703700323164,-1.6627037003231635
2010THOM03,hybrid,1936.0,8.79,8.992330803695552,-0.20233080369555267
2010THOM03,hybrid,1937.0,9.49,8.99195816267328,0.4980418373267206
2010THOM03,hybrid,1938.0,8.46,8.991585776949314,-0.5315857769493135
2010THOM03,hybrid,1939.0,8.46,8.991213646217156,-0.5312136462171555
2010THOM03,hybrid,1940.0,11.16,8.990841770170825,2.1691582298291756
2010THOM03,hybrid,1941.0,9.94,8.990470148504867,0.9495298514951322
2010THOM03,hybrid,1942.0,10.63,8.990098780914353,1.6399012190856475
2010THOM03,hybrid,1943.0,9.26,8.989727667094876,0.2702723329051242
2010THOM03,hybrid,1944.0,7.88,8.989356806742549,-1.1093568067425492
2010THOM03,hybrid,1945.0,9.32,8.988986199554006,0.3310138004459944
2010THOM03,hybrid,1946.0,7.62,8.988615845226398,-1.3686158452263983
2010THOM03,hybrid,1947.0,8.29,8.988245743457396,-0.698245743457397
2010THOM03,hybrid,1948.0,8.78,8.987875893945187,-0.20787589394518768
2010THOM03,hybrid,1949.0,9.32,8.987506296388473,0.33249370361152764
2010THOM03,hybrid,1950.0,13.85,8.98713695048647,4.86286304951353
2010THOM03,hybrid,1951.0,11.49,8.986767855938906,2.5032321440610943
2010THOM03,hybrid,1952.0,7.88,8.986399012446023,-1.1063990124460235
2010THOM03,hybrid,1953.0,9.27,8.986030419708575,0.2839695802914246
2010THOM03,hybrid,1954.0,12.48,8.98566207742782,3.4943379225721802
2010THOM03,hybrid,1955.0,8.05,8.985293985305532,-0.9352939853055311
2010THOM03,hybrid,1956.0,8.81,8.984926143043985,-0.1749261430439848
2010THOM03,hybrid,1957.0,6.99,8.984558550345966,-1.9945585503459657
2010THOM03,hybrid,1958.0,12.48,8.984191206914762,3.4958087930852386
2010THOM03,hybrid,1959.0,6.86,8.983824112454169,-2.1238241124541686
2010THOM03,hybrid,1960.0,8.2,8.98345726666848,-0.7834572666684814
2010THOM03,hybrid,1961.0,10.71,8.983090669262495,1.7269093307375059
2010THOM03,hybrid,1962.0,11.42,8.982724319941513,2.4372756800584874
2010THOM03,hybrid,1963.0,8.15,8.982358218411331,-0.832358218411331
2010THOM03,hybrid,1964.0,10.31,8.981992364378248,1.328007635621752
2010THOM03,hybrid,1965.0,9.92,8.981626757549057,0.9383732424509432
2010THOM03,hybrid,1966.0,8.6,8.981261397631048,-0.3812613976310484
2010THOM03,hybrid,1967.0,7.42,8.980896284332008,-1.5608962843320082
2010THOM03,hybrid,1968.0,8.81,8.980531417360218,-0.17053141736021793
2010THOM03,hybrid,1969.0,9.19,8.98016679642445,0.20983320357554902
2010THOM03,hybrid,1970.0,8.52,8.97980242123397,-0.4598024212339702
2010THOM03,hybrid,1971.0,13.08,8.979438291498532,4.100561708501468
2010THOM03,hybrid,1972.0,8.46,8.979074406928387,-0.5190744069283859
2010THOM03,hybrid,1973.0,8.95,8.978710767234263,-0.028710767234263912
2010THOM03,hybrid,1974.0,11.21,8.978347372127388,2.231652627872613
2010THOM03,hybrid,1975.0,6.96,8.977984221319469,-2.0179842213194688
2010THOM03,hybrid,1976.0,7.92,8.9776213145227,-1.0576213145227005
2010THOM03,hybrid,1977.0,9.56,8.977258651449759,0.5827413485502415
2010THOM03,hybrid,1978.0,7.76,8.976896231813813,-1.2168962318138128
2010THOM03,hybrid,1979.0,9.97,8.976534055328504,0.9934659446714971
2010THOM03,hybrid,1980.0,8.3,8.976172121707956,-0.676172121707955
2010THOM03,hybrid,1981.0,20.3,8.97581043066678,11.324189569333221
2010THOM03,hybrid,1982.0,8.93,8.975448981920056,-0.04544898192005675
2010THOM03,hybrid,1983.0,7.55,8.975087775183354,-1.4250877751833544
2010THOM03,hybrid,1984.0,10.32,8.974726810172712,1.3452731898272887
2010THOM03,hybrid,1985.0,8.06,8.974366086604647,-0.9143660866046464
2010THOM03,hybrid,1986.0,10.17,8.974005604196151,1.195994395803849
2010THOM03,hybrid,1987.0,10.08,8.973645362664692,1.1063546373353077
2010THOM03,hybrid,1988.0,10.68,8.973285361728207,1.7067146382717926
2010THOM03,hybrid,1989.0,10.29,8.972925601105107,1.317074398894892
2010THOM03,hybrid,1990.0,6.25,8.972566080514277,-2.7225660805142766
2010THOM03,hybrid,1991.0,10.08,8.972206799675064,1.1077932003249362
2010THOM03,hybrid,1992.0,9.9,8.971847758307295,0.9281522416927057
2010THOM03,hybrid,1993.0,7.68,8.971488956131251,-1.2914889561312517
2010THOM03,hybrid,1994.0,11.57,8.971130392867694,2.598869607132306
2010THOM03,hybrid,1995.0,12.14,8.970772068237844,3.1692279317621566
2010THOM03,hybrid,1996.0,10.34,8.970413981963384,1.3695860180366157
2010THOM03,hybrid,1997.0,7.7,8.970056133766468,-1.2700561337664675
2010THOM03,hybrid,1998.0,9.3,8.969698523369708,0.33030147663029297
2010THOM03,hybrid,1999.0,6.64,8.969341150496174,-2.329341150496174
2010THOM03,hybrid,2000.0,9.73,8.968984014869408,0.7610159851305927
2010THOM03,hybrid,2001.0,12.85,8.968627116213401,3.8813728837865984
2010THOM03,hybrid,2002.0,8.34,8.96827045425261,-0.6282704542526094
2010THOM03,hybrid,2003.0,10.86,8.967914028711943,1.892085971288056
2010THOM03,hybrid,2004.0,11.12,8.967557839316774,2.1524421606832256
2010THOM03,hybrid,2005.0,7.96,8.967201885792921,-1.007201885792921
2010THOM03,hybrid,2006.0,7.12,8.96684616786667,-1.84684616786667
2010THOM03,hybrid,2007.0,7.97,8.966490685264752,-0.9964906852647522
2010THOM03,hybrid,2008.0,8.13,8.96613543771435,-0.8361354377143488
2010THOM03,hybrid,2009.0,7.45,8.965780424943107,-1.5157804249431068
2010THOM03,hybrid,2010.0,10.29,8.96542564667911,1.3245743533208891
2010THOM03,hybrid,2011.0,6.68,8.965071102650898,-2.285071102650898
2010THOM03,hybrid,2012.0,8.24,8.964716792587458,-0.7247167925874578
2010THOM03,hybrid,2013.0,11.37,8.964362716218229,2.40563728378177
2010THOM03,hybrid,2014.0,7.5,8.964008873273094,-1.4640088732730945
2010THOM03,hybrid,2015.0,10.29,8.96365526348238,1.326344736517619
2010THOM03,hybrid,2016.0,8.4,8.963301886576865,-0.5633018865768644
2010THOM03,hybrid,2017.0,7.85,8.962948742287765,-1.1129487422877649
2010THOM03,hybrid,2018.0,9.08,8.962595830346743,0.11740416965325728
2010THOM03,hybrid,2019.0,7.83,8.962243150485904,-1.1322431504859036
2010THOM03,hybrid,2020.0,8.41,8.961890702437794,-0.5518907024377935
2010THOM03,hybrid,2021.0,7.47,8.961538485935398,-1.491538485935398
2010THOM03,hybrid,2022.0,11.73,8.961186500712143,2.768813499287857
2010THOM03,hybrid,2023.0,11.46,8.960834746501893,2.4991652534981075
2010THOM03,hybrid,2024.0,9.47,8.960483223038949,0.5095167769610516
2010THOM03,hybrid,2025.0,6.55,8.960131930058052,-2.4101319300580526
2010THOM03,hybrid,2026.0,10.02,8.959780867294374,1.060219132705626
2010THOM03,hybrid,2027.0,8.02,8.959430034483525,-0.9394300344835251
2010THOM03,hybrid,2028.0,7.98,8.959079431361548,-0.9790794313615478
2010THOM03,hybrid,2029.0,7.95,8.958729057664918,-1.008729057664918
2010THOM03,hybrid,2030.0,6.28,8.958378913130543,-2.678378913130543
2010THOM03,hybrid,2031.0,8.08,8.958028997495765,-0.8780289974957647
2010THOM03,hybrid,2032.0,11.24,8.95767931049835,2.282320689501651
2010THOM03,hybrid,2033.0,10.92,8.957329851876498,1.962670148123502
2010THOM03,hybrid,2034.0,9.55,8.956980621368835,0.5930193786311655
2010THOM03,hybrid,2035.0,7.63,8.956631618714416,-1.3266316187144165
2010THOM03,hybrid,2036.0,9.43,8.956282843652723,0.47371715634727707
2010THOM03,hybrid,2037.0,7.3,8.955934295923662,-1.6559342959236618
2010THOM03,hybrid,2038.0,7.67,8.955585975267562,-1.285585975267562
2010THOM03,hybrid,2039.0,7.5,8.95523788142518,-1.4552378814251803
2010THOM03,hybrid,2040.0,9.47,8.954890014137694,0.5151099858623063
2010THOM03,hybrid,2041.0,8.43,8.954542373146705,-0.5245423731467049
2010THOM03,hybrid,2042.0,7.09,8.954194958194233,-1.8641949581942328
2010THOM03,hybrid,2043.0,8.93,8.953847769022719,-0.023847769022719234
2010THOM03,hybrid,2044.0,9.32,8.953500805375025,0.36649919462497493
2010THOM03,hybrid,2045.0,8.13,8.953154066994431,-0.8231540669944302
2010THOM03,hybrid,2046.0,9.57,8.952807553624632,0.617192446375368
2010THOM03,hybrid,2047.0,8.96,8.952461265009742,0.007538734990259144
2010THOM03,hybrid,2048.0,6.91,8.95211520089429,-2.0421152008942904
2010THOM03,hybrid,2049.0,8.87,8.951769361023223,-0.0817693610232233
2010THOM03,hybrid,2050.0,8.8,8.951423745141897,-0.15142374514189605
2010THOM03,hybrid,2051.0,10.31,8.951078352996085,1.3589216470039158
2010THOM03,hybrid,2052.0,7.74,8.950733184331968,-1.2107331843319677
2010THOM03,hybrid,2053.0,8.45,8.950388238896144,-0.5003882388961447
2010THOM03,hybrid,2054.0,9.51,8.950043516435619,0.5599564835643811
2010THOM03,hybrid,2055.0,9.09,8.949699016697808,0.14030098330219154
2010THOM03,hybrid,2056.0,9.44,8.949354739430536,0.49064526056946356
2010THOM03,hybrid,2057.0,9.43,8.949010684382035,0.48098931561796476
2010THOM03,hybrid,2058.0,10.05,8.948666851300946,1.1013331486990552
2010THOM03,hybrid,2059.0,7.89,8.948323239936311,-1.0583232399363114
2010THOM03,hybrid,2060.0,9.56,8.947979850037587,0.6120201499624134
2010THOM03,hybrid,2061.0,8.38,8.947636681354627,-0.5676366813546263
2010THOM03,hybrid,2062.0,8.73,8.94729373363769,-0.217293733637689
2010THOM03,hybrid,2063.0,6.46,8.946951006637441,-2.486951006637441
2010THOM03,hybrid,2064.0,10.37,8.946608500104942,1.4233914998950574
2010THOM03,hybrid,2065.0,7.28,8.946266213791661,-1.666266213791661
2010THOM03,hybrid,2066.0,9.24,8.945924147449464,0.29407585255053625
2010THOM03,hybrid,2067.0,7.42,8.945582300830615,-1.5255823008306155
2010THOM03,hybrid,2068.0,8.85,8.94524067368778,-0.09524067368777978
2010THOM03,hybrid,2069.0,9.16,8.94489926577402,0.21510073422598097
2010THOM03,hybrid,2070.0,7.82,8.944558076842794,-1.1245580768427939
2010THOM03,hybrid,2071.0,8.13,8.94421710664796,-0.8142171066479591
2010THOM03,hybrid,2072.0,7.71,8.943876354943766,-1.2338763549437664
2010THOM03,hybrid,2073.0,9.02,8.94353582148486,0.07646417851514009
2010THOM03,hybrid,2074.0,10.55,8.943195506026278,1.6068044939737227
2010THOM03,hybrid,2075.0,10.3,8.942855408323453,1.3571445916765477
2010THOM03,hybrid,2076.0,6.9,8.94251552813221,-2.04251552813221
2010THOM03,hybrid,2077.0,10.66,8.942175865208764,1.7178241347912362
2010THOM03,hybrid,2078.0,7.85,8.94183641930972,-1.09183641930972
2010THOM03,hybrid,2079.0,8.61,8.941497190192074,-0.33149719019207424
2010THOM03,hybrid,2080.0,8.3,8.94115817761321,-0.6411581776132085
2010THOM03,hybrid,2081.0,8.65,8.940819381330897,-0.2908193813308966
2010THOM03,hybrid,2082.0,8.0,8.940480801103298,-0.9404808011032983
2010THOM03,hybrid,2083.0,9.58,8.94014243668896,0.6398575633110397
2010THOM03,hybrid,2084.0,7.93,8.93980428784681,-1.0098042878468103
2010THOM03,hybrid,2085.0,9.25,8.939466354336167,0.310533645663833
2010THOM03,hybrid,2086.0,8.77,8.939128635916731,-0.16912863591673144
2010THOM03,hybrid,2087.0,8.49,8.938791132348584,-0.4487911323485836
2010THOM03,hybrid,2088.0,8.27,8.93845384339219,-0.6684538433921912
2010THOM03,hybrid,2089.0,8.62,8.9381167688084,-0.3181167688083999
2010THOM03,hybrid,2090.0,7.13,8.93777990835844,-1.80777990835844
2010THOM03,hybrid,2091.0,8.19,8.937443261803919,-0.7474432618039195
2010THOM03,hybrid,2092.0,9.79,8.937106828906824,0.8528931710931751
2010THOM03,hybrid,2093.0,8.54,8.936770609429521,-0.396770609429522
2010THOM03,hybrid,2094.0,8.23,8.936434603134753,-0.7064346031347526
2010THOM03,hybrid,2095.0,12.25,8.93609880978564,3.3139011902143594
2010THOM03,hybrid,2096.0,8.75,8.935763229145682,-0.18576322914568166
2010THOM03,hybrid,2097.0,8.66,8.935427860978745,-0.27542786097874483
2010THOM03,hybrid,2098.0,9.04,8.93509270504908,0.10490729495091955
2010THOM03,hybrid,2099.0,10.67,8.934757761121304,1.7352422388786959
2010THOM03,hybrid,2100.0,10.58,8.934423028960413,1.6455769710395867
2010THOM03,hybrid,2101.0,9.34,8.934088508331772,0.4059114916682276
2010THOM03,hybrid,2102.0,8.8,8.933754199001116,-0.13375419900111574
2010THOM03,hybrid,2103.0,9.2,8.933420100734557,0.2665798992654427
2010THOM03,hybrid,2104.0,7.02,8.933086213298568,-1.913086213298568
2010THOM03,hybrid,2105.0,9.03,8.932752536459997,0.09724746354000224
2010THOM03,hybrid,2106.0,9.22,8.93241906998606,0.2875809300139398
2010THOM03,hybrid,2107.0,13.76,8.932085813644342,4.827914186355658
2010THOM03,hybrid,2108.0,9.15,8.93175276720279,0.2182472327972107
2010THOM03,hybrid,2109.0,7.23,8.93141993042972,-1.7014199304297204
2010THOM03,hybrid,2110.0,9.46,8.931087303093816,0.5289126969061844
2010THOM03,hybrid,2111.0,9.21,8.930754884964124,0.27924511503587723
2010THOM03,hybrid,2112.0,8.88,8.93042267581005,-0.050422675810049
2010THOM03,hybrid,2113.0,7.71,8.930090675401372,-1.220090675401372
2010THOM03,hybrid,2114.0,6.92,8.929758883508224,-2.0097588835082245
2010THOM03,hybrid,2115.0,8.29,8.929427299901104,-0.6394272999011044
2010THOM03,hybrid,2116.0,11.8,8.92909592435087,2.870904075649131
2010THOM03,hybrid,2117.0,8.86,8.928764756628741,-0.06876475662874171
2010THOM03,hybrid,2118.0,7.35,8.928433796506294,-1.5784337965062942
2010THOM03,hybrid,2119.0,11.69,8.928103043755469,2.761896956244531
2010THOM03,hybrid,2120.0,10.67,8.927772498148556,1.7422275018514437
2010THOM03,hybrid,2121.0,7.04,8.927442159458211,-1.8874421594582111
2010THOM03,hybrid,2122.0,7.4,8.927112027457444,-1.5271120274574432
2010THOM03,hybrid,2123.0,12.15,8.926782101919615,3.223217898080385
2010THOM03,hybrid,2124.0,9.23,8.926452382618447,0.3035476173815539
2010THOM03,hybrid,2125.0,10.2,8.926122869328012,1.2738771306719876
2010THOM03,hybrid,2126.0,11.34,8.92579356182274,2.41420643817726
2010THOM03,hybrid,2127.0,9.18,8.92546445987741,0.25453554012258905
2010THOM03,hybrid,2128.0,6.06,8.925135563267157,-2.865135563267157
2010THOM03,hybrid,2129.0,10.45,8.924806871767462,1.5251931282325373
2010THOM03,hybrid,2130.0,8.17,8.924478385154163,-0.7544783851541634
2010THOM03,hybrid,2131.0,7.09,8.924150103203445,-1.834150103203445
2010THOM03,hybrid,2132.0,8.93,8.923822025691843,0.006177974308156919
2010THOM03,hybrid,2133.0,8.71,8.923494152396238,-0.2134941523962368
2010THOM03,hybrid,2134.0,8.76,8.923166483093864,-0.16316648309386395
2010THOM03,hybrid,2135.0,7.52,8.922839017562298,-1.4028390175622985
2010THOM03,hybrid,2136.0,9.93,8.922511755579468,1.0074882444205322
2010THOM03,hybrid,2137.0,9.6,8.92218469692364,0.6778153030763594
2010THOM03,hybrid,2138.0,8.27,8.921857841373432,-0.6518578413734328
2010THOM03,hybrid,2139.0,12.47,8.921531188707807,3.548468811292194
2010THOM03,hybrid,2140.0,8.98,8.921204738706068,0.0587952612939322
2010THOM03,hybrid,2141.0,9.2,8.92087849114786,0.27912150885213904
2010THOM03,hybrid,2142.0,8.38,8.920552445813176,-0.5405524458131747
2010THOM03,hybrid,2143.0,11.62,8.920226602482346,2.699773397517653
2010THOM03,hybrid,2144.0,10.16,8.919900960936042,1.2400990390639581
2010THOM03,hybrid,2145.0,10.15,8.919575520955277,1.2304244790447232
2010THOM03,hybrid,2146.0,8.52,8.919250282321403,-0.3992502823214039
2010THOM03,hybrid,2147.0,9.38,8.918925244816112,0.46107475518388874
2010THOM03,hybrid,2148.0,8.82,8.918600408221433,-0.0986004082214329
2010THOM03,hybrid,2149.0,9.66,8.918275772319733,0.7417242276802671
2010THOM03,hybrid,2150.0,7.79,8.917951336893715,-1.127951336893715
2010THOM03,hybrid,2151.0,12.48,8.91762710172642,3.56237289827358
2010THOM03,hybrid,2152.0,9.62,8.917303066601225,0.7026969333987747
2010THOM03,hybrid,2153.0,7.51,8.916979231301838,-1.4069792313018379
2010THOM03,hybrid,2154.0,9.0,8.916655595612303,0.08334440438769697
2010THOM03,hybrid,2155.0,8.99,8.916332159317001,0.07366784068299914
2010THOM03,hybrid,2156.0,8.69,8.916008922200641,-0.2260089222006414
2010THOM03,hybrid,2157.0,7.91,8.915685884048266,-1.0056858840482654
2010THOM03,hybrid,2158.0,7.56,8.915363044645252,-1.3553630446452525
2010THOM03,hybrid,2159.0,8.69,8.915040403777304,-0.22504040377730483
2010THOM03,hybrid,2160.0,7.03,8.914717961230457,-1.8847179612304563
2010THOM03,hybrid,2161.0,6.7,8.914395716791077,-2.214395716791077
2010THOM03,hybrid,2162.0,8.78,8.914073670245857,-0.1340736702458578
2010THOM03,hybrid,2163.0,10.98,8.913751821381819,2.0662481786181814
2010THOM03,hybrid,2164.0,8.71,8.913430169986317,-0.2034301699863157
2010THOM03,hybrid,2165.0,9.19,8.91310871584702,0.27689128415297937
2010THOM03,hybrid,2166.0,7.74,8.912787458751936,-1.1727874587519356
2010THOM03,hybrid,2167.0,7.33,8.912466398489393,-1.5824663984893927
2010THOM03,hybrid,2168.0,11.41,8.912145534848044,2.4978544651519563
2010THOM03,hybrid,2169.0,8.68,8.911824867616867,-0.23182486761686683
2010THOM03,hybrid,2170.0,9.08,8.911504396585162,0.16849560341483816
2010THOM03,hybrid,2171.0,7.04,8.911184121542552,-1.8711841215425524
2010THOM03,hybrid,2172.0,7.25,8.910864042278988,-1.6608640422789875
2010THOM03,hybrid,2173.0,10.44,8.910544158584734,1.529455841415265
2010THOM03,hybrid,2174.0,8.51,8.910224470250384,-0.4002244702503841
2010THOM03,hybrid,2175.0,10.07,8.909904977066843,1.1600950229331577
2010THOM03,hybrid,2176.0,13.86,8.909585678825342,4.950414321174657
2010THOM03,hybrid,2177.0,9.98,8.909266575317432,1.0707334246825688
2010THOM03,hybrid,2178.0,11.89,8.908947666334978,2.9810523336650228
2010THOM03,hybrid,2179.0,8.46,8.908628951670165,-0.44862895167016426
2010THOM03,hybrid,2180.0,5.81,8.908310431115497,-3.0983104311154976
2010THOM03,hybrid,2181.0,8.48,8.907992104463792,-0.427992104463792
2010THOM03,hybrid,2182.0,9.52,8.907673971508185,0.6123260284918146
2010THOM03,hybrid,2183.0,10.21,8.907356032042127,1.3026439679578736
2010THOM03,hybrid,2184.0,8.72,8.907038285859382,-0.18703828585938176
2010THOM03,hybrid,2185.0,9.1,8.906720732754032,0.193279267245968
2010THOM03,hybrid,2186.0,8.59,8.906403372520465,-0.31640337252046535
2010THOM03,hybrid,2187.0,8.49,8.90608620495339,-0.4160862049533893
2010THOM03,hybrid,2188.0,9.01,8.905769229847825,0.1042307701521743
2010THOM03,hybrid,2189.0,9.27,8.9054524469991,0.36454755300090014
2010THOM03,hybrid,2190.0,10.4,8.90513585620285,1.49486414379715
2010THOM03,hybrid,2191.0,8.03,8.904819457255034,-0.8748194572550343
2010THOM03,hybrid,2192.0,7.14,8.904503249951908,-1.7645032499519084
2010THOM03,hybrid,2193.0,8.76,8.904187234090044,-0.14418723409004386
2010THOM03,hybrid,2194.0,11.52,8.903871409466317,2.616128590533682
2010THOM03,hybrid,2195.0,9.01,8.90355577587792,0.10644422412208066
2010THOM03,hybrid,2196.0,8.54,8.903240333122337,-0.36324033312233794
2010THOM03,hybrid,2197.0,9.67,8.902925080997377,0.7670749190026225
2010THOM03,hybrid,2198.0,8.22,8.902610019301147,-0.682610019301146
2010THOM03,hybrid,2199.0,7.65,8.902295147832053,-1.2522951478320525
2010THOM03,hybrid,2200.0,7.65,8.901980466388817,-1.251980466388817
2010THOM03,hybrid,2201.0,7.33,8.90166597477046,-1.5716659747704593
2010THOM03,hybrid,2202.0,6.97,8.901351672776304,-1.9313516727763043
2010THOM03,hybrid,2203.0,9.41,8.901037560205982,0.5089624397940185
2010THOM03,hybrid,2204.0,8.71,8.900723636859425,-0.19072363685942406
2010THOM03,hybrid,2205.0,9.13,8.900409902536861,0.22959009746313974
2010THOM03,hybrid,2206.0,12.62,8.90009635703883,3.719903642961169
2010THOM03,hybrid,2207.0,6.84,8.899783000166165,-2.0597830001661652
2010THOM03,hybrid,2208.0,9.76,8.899469831720001,0.8605301682799986
2010THOM03,hybrid,2209.0,8.08,8.899156851501772,-0.8191568515017718
2010THOM03,hybrid,2210.0,6.82,8.898844059313214,-2.078844059313214
2010THOM03,hybrid,2211.0,8.84,8.898531454956359,-0.05853145495635914
2010THOM03,hybrid,2212.0,7.48,8.898219038233538,-1.4182190382335378
2010THOM03,hybrid,2213.0,7.21,8.897906808947376,-1.6879068089473757
2010THOM03,hybrid,2214.0,7.79,8.897594766900799,-1.1075947669007986
2010THOM03,hybrid,2215.0,8.95,8.897282911897026,0.052717088102973264
2010THOM03,hybrid,2216.0,9.07,8.896971243739575,0.17302875626042535
2010THOM03,hybrid,2217.0,8.69,8.896659762232257,-0.2066597622322579
2010THOM03,hybrid,2218.0,11.16,8.896348467179175,2.263651532820825
2010THOM03,hybrid,2219.0,7.85,8.896037358384728,-1.0460373583847282
2010THOM03,hybrid,2220.0,11.79,8.89572643565361,2.8942735643463884
2010THOM03,hybrid,2221.0,11.29,8.895415698790805,2.3945843012091945
2010THOM03,hybrid,2222.0,14.55,8.895105147601589,5.654894852398412
2010THOM03,hybrid,2223.0,8.33,8.894794781891532,-0.564794781891532
2010THOM03,hybrid,2224.0,11.99,8.894484601466493,3.0955153985335073
2010THOM03,hybrid,2225.0,10.78,8.894174606132621,1.8858253938673784
2010THOM03,hybrid,2226.0,9.26,8.893864795696356,0.3661352043036441
2010THOM03,hybrid,2227.0,8.66,8.893555169964428,-0.23355516996442738
2010THOM03,hybrid,2228.0,7.94,8.893245728743851,-0.9532457287438509
2010THOM03,hybrid,2229.0,10.7,8.892936471841935,1.8070635281580643
2010THOM03,hybrid,2230.0,8.86,8.89262739906627,-0.03262739906627132
2010THOM03,hybrid,2231.0,11.21,8.89231851022474,2.3176814897752607
2010THOM03,hybrid,2232.0,9.06,8.89200980512551,0.1679901948744913
2010THOM03,hybrid,2233.0,7.63,8.89170128357703,-1.2617012835770298
2010THOM03,hybrid,2234.0,9.87,8.891392945388041,0.9786070546119578
2010THOM03,hybrid,2235.0,7.92,8.891084790367564,-0.9710847903675646
2010THOM03,hybrid,2236.0,9.46,8.890776818324909,0.5692231816750919
2010THOM03,hybrid,2237.0,9.45,8.890469029069662,0.5595309709303375
2010THOM03,hybrid,2238.0,9.15,8.890161422411701,0.2598385775882992
2010THOM03,hybrid,2239.0,7.87,8.88985399816118,-1.0198539981611807
2010THOM03,hybrid,2240.0,9.92,8.889546756128539,1.0304532438714613
2010THOM03,hybrid,2241.0,14.98,8.889239696124498,6.090760303875502
2010THOM03,hybrid,2242.0,10.94,8.888932817960058,2.051067182039942
2010THOM03,hybrid,2243.0,11.09,8.888626121446498,2.201373878553502
2010THOM03,hybrid,2244.0,8.78,8.888319606395381,-0.10831960639538174
2010THOM03,hybrid,2245.0,12.25,8.88801327261855,3.361986727381449
2010THOM03,hybrid,2246.0,8.36,8.887707119928121,-0.527707119928122
2010THOM03,hybrid,2247.0,11.32,8.887401148136494,2.4325988518635064
2010THOM03,hybrid,2248.0,10.22,8.887095357056342,1.3329046429436584
2010THOM03,hybrid,2249.0,8.48,8.886789746500622,-0.40678974650062116
2010THOM03,hybrid,2250.0,9.14,8.886484316282557,0.2535156837174437
2010THOM03,hybrid,2251.0,9.02,8.886179066215657,0.13382093378434234
2010THOM03,hybrid,2252.0,10.07,8.885873996113702,1.1841260038862984
2010THOM03,hybrid,2253.0,7.88,8.885569105790749,-1.005569105790749
2010THOM03,hybrid,2254.0,8.58,8.885264395061126,-0.30526439506112624
2010THOM03,hybrid,2255.0,8.02,8.884959863739441,-0.8649598637394416
2010THOM03,hybrid,2256.0,9.63,8.88465551164057,0.7453444883594305
2010THOM03,hybrid,2257.0,7.43,8.884351338579663,-1.454351338579663
2010THOM03,hybrid,2258.0,9.8,8.884047344372147,0.9159526556278532
2010THOM03,hybrid,2259.0,7.1,8.883743528833715,-1.7837435288337158
2010THOM03,hybrid,2260.0,7.4,8.883439891780334,-1.4834398917803338
2010THOM03,hybrid,2261.0,8.96,8.883136433028245,0.07686356697175611
2010THOM03,hybrid,2262.0,12.29,8.882833152393951,3.4071668476060477
2010THOM03,hybrid,2263.0,7.87,8.882530049694234,-1.0125300496942335
2010THOM03,hybrid,2264.0,8.8,8.882227124746137,-0.08222712474613658
2010THOM03,hybrid,2265.0,7.67,8.881924377366982,-1.2119243773669819
2010THOM03,hybrid,2266.0,11.03,8.88162180737435,2.1483781926256498
2010THOM03,hybrid,2267.0,8.23,8.881319414586093,-0.6513194145860925
2010THOM03,hybrid,2268.0,8.14,8.88101719882033,-0.7410171988203302
2010THOM03,hybrid,2269.0,7.48,8.88071515989545,-1.4007151598954497
2010THOM03,hybrid,2270.0,7.54,8.880413297630103,-1.3404132976301026
2010THOM03,hybrid,2271.0,7.03,8.880111611843208,-1.8501116118432082
2010THOM03,hybrid,2272.0,8.44,8.87981010235395,-0.4398101023539507
2010THOM03,hybrid,2273.0,9.05,8.879508768981776,0.17049123101822516
2010THOM03,hybrid,2274.0,9.14,8.879207611546397,0.26079238845360386
2010THOM03,hybrid,2275.0,7.27,8.87890662986779,-1.608906629867791
2010THOM03,hybrid,2276.0,9.19,8.878605823766197,0.3113941762338026
2010THOM03,hybrid,2277.0,8.23,8.878305193062118,-0.648305193062118
2010THOM03,hybrid,2278.0,8.74,8.878004737576317,-0.13800473757631693
2010THOM03,hybrid,2279.0,6.98,8.877704457129822,-1.8977044571298212
2010THOM03,hybrid,2280.0,9.13,8.87740435154392,0.2525956484560812
2010THOM03,hybrid,2281.0,8.36,8.877104420640157,-0.5171044206401572
2010THOM03,hybrid,2282.0,8.81,8.876804664240343,-0.06680466424034215
2010THOM03,hybrid,2283.0,5.69,8.876505082166547,-3.186505082166547
2010THOM03,hybrid,2284.0,6.74,8.876205674241096,-2.1362056742410953
2010THOM03,hybrid,2285.0,9.67,8.875906440286574,0.794093559713426
2010THOM03,hybrid,2286.0,8.61,8.875607380125828,-0.26560738012582874
2010THOM03,hybrid,2287.0,9.73,8.87530849358196,0.8546915064180407
2010THOM03,hybrid,2288.0,9.02,8.875009780478328,0.1449902195216719
2010THOM03,hybrid,2289.0,9.01,8.87471124063855,0.13528875936144935
2010THOM03,hybrid,2290.0,7.36,8.874412873886499,-1.5144128738864984
2010THOM03,hybrid,2291.0,10.95,8.874114680046302,2.075885319953697
2010THOM03,hybrid,2292.0,10.01,8.873816658942342,1.1361833410576576
2010THOM03,hybrid,2293.0,10.39,8.873518810399261,1.5164811896007393
2010THOM03,hybrid,2294.0,9.22,8.873221134241952,0.34677886575804884
2010THOM03,hybrid,2295.0,9.36,8.87292363029556,0.48707636970443957
2010THOM03,hybrid,2296.0,8.4,8.872626298385486,-0.4726262983854852
2010THOM03,hybrid,2297.0,11.24,8.872329138337385,2.3676708616626154
2010THOM03,hybrid,2298.0,10.49,8.87203214997716,1.6179678500228398
2010THOM03,hybrid,2299.0,9.2,8.871735333130973,0.32826466686902656
2010THOM03,hybrid,2300.0,7.5,8.871438687625231,-1.371438687625231
2010THOM03,hybrid,2301.0,8.91,8.871142213286596,0.0388577867134039
2010THOM03,hybrid,2302.0,8.43,8.870845909941977,-0.44084590994197725
2010THOM03,hybrid,2303.0,9.28,8.870549777418539,0.40945022258146047
2010THOM03,hybrid,2304.0,8.82,8.870253815543691,-0.050253815543690905
2010THOM03,hybrid,2305.0,10.31,8.869958024145092,1.4400419758549088
2010THOM03,hybrid,2306.0,8.28,8.869662403050654,-0.5896624030506548
2010THOM03,hybrid,2307.0,9.51,8.869366952088532,0.6406330479114679
2010THOM03,hybrid,2308.0,7.4,8.86907167108713,-1.4690716710871303
2010THOM03,hybrid,2309.0,8.52,8.868776559875103,-0.3487765598751036
2010THOM03,hybrid,2310.0,9.32,8.868481618281349,0.45151838171865144
2010THOM03,hybrid,2311.0,9.57,8.868186846135014,0.7018131538649861
2010THOM03,hybrid,2312.0,8.99,8.867892243265489,0.12210775673451124
2010THOM03,hybrid,2313.0,7.79,8.86759780950241,-1.07759780950241
2010THOM03,hybrid,2314.0,7.82,8.86730354467566,-1.0473035446756604
2010THOM03,hybrid,2315.0,7.71,8.867009448615368,-1.1570094486153684
2010THOM03,hybrid,2316.0,7.28,8.8667155211519,-1.5867155211518993
2010THOM03,hybrid,2317.0,10.92,8.866421762115873,2.0535782378841265
2010THOM03,hybrid,2318.0,8.78,8.866128171338145,-0.08612817133814588
2010THOM03,hybrid,2319.0,11.03,8.865834748649815,2.164165251350184
2010THOM03,hybrid,2320.0,9.14,8.865541493882226,0.27445850611777445
2010THOM03,hybrid,2321.0,7.98,8.86524840686696,-0.8852484068669604
2010THOM03,hybrid,2322.0,9.79,8.864955487435846,0.9250445125641527
2010THOM03,hybrid,2323.0,11.0,8.864662735420952,2.1353372645790483
2010THOM03,hybrid,2324.0,10.29,8.86437015065458,1.4256298493454196
2010THOM03,hybrid,2325.0,8.23,8.86407773296928,-0.6340777329692795
2010THOM03,hybrid,2326.0,13.56,8.863785482197839,4.6962145178021615
2010THOM03,hybrid,2327.0,11.91,8.863493398173283,3.0465066018267173
2010THOM03,hybrid,2328.0,6.54,8.863201480728875,-2.3232014807288754
2010THOM03,hybrid,2329.0,9.16,8.862909729698119,0.2970902703018812
2010THOM03,hybrid,2330.0,7.53,8.862618144914755,-1.332618144914755
2010THOM03,hybrid,2331.0,7.16,8.862326726212762,-1.7023267262127622
2010THOM03,hybrid,2332.0,8.11,8.862035473426355,-0.7520354734263552
2010THOM03,hybrid,2333.0,10.56,8.861744386389985,1.6982556136100158
2010THOM03,hybrid,2334.0,7.79,8.86145346493834,-1.0714534649383394
2010THOM03,hybrid,2335.0,8.59,8.86116270890634,-0.2711627089063402
2010THOM03,hybrid,2336.0,8.62,8.860872118129148,-0.24087211812914866
2010THOM03,hybrid,2337.0,9.37,8.860581692442153,0.509418307557846
2010THOM03,hybrid,2338.0,8.77,8.860291431680986,-0.09029143168098663
2010THOM03,hybrid,2339.0,7.23,8.860001335681506,-1.6300013356815057
2010THOM03,hybrid,2340.0,11.48,8.859711404279807,2.6202885957201936
2010THOM03,hybrid,2341.0,11.8,8.859421637312218,2.9405783626877824
2010THOM03,hybrid,2342.0,9.74,8.8591320346153,0.8808679653847005
2010THOM03,hybrid,2343.0,8.7,8.858842596025843,-0.15884259602584372
2010THOM03,hybrid,2344.0,7.66,8.858553321380873,-1.1985533213808726
2010THOM03,hybrid,2345.0,7.5,8.858264210517644,-1.3582642105176443
2010THOM03,hybrid,2346.0,8.72,8.857975263273644,-0.13797526327364373
2010THOM03,hybrid,2347.0,10.11,8.857686479486588,1.252313520513411
2010THOM03,hybrid,2348.0,6.92,8.857397858994425,-1.9373978589944247
2010THOM03,hybrid,2349.0,7.92,8.857109401635329,-0.937109401635329
2010THOM03,hybrid,2350.0,7.83,8.856821107247706,-1.0268211072477058
2010THOM03,hybrid,2351.0,8.11,8.856532975670191,-0.746532975670192
2010THOM03,hybrid,2352.0,8.84,8.856245006741645,-0.016245006741645085
2010THOM03,hybrid,2353.0,8.09,8.855957200301159,-0.765957200301159
2010THOM03,hybrid,2354.0,7.96,8.855669556188053,-0.8956695561880528
2010THOM03,hybrid,2355.0,10.4,8.85538207424187,1.5446179257581303
2010THOM03,hybrid,2356.0,9.68,8.855094754302382,0.824905245697618
2010THOM03,hybrid,2357.0,6.84,8.854807596209586,-2.014807596209586
2010THOM03,hybrid,2358.0,8.08,8.854520599803706,-0.7745205998037061
2010THOM03,hybrid,2359.0,8.3,8.854233764925194,-0.5542337649251934
2010THOM03,hybrid,2360.0,8.08,8.853947091414721,-0.7739470914147208
2010THOM03,hybrid,2361.0,6.8,8.853660579113187,-2.0536605791131874
2010THOM03,hybrid,2362.0,8.36,8.853374227861714,-0.4933742278617146
2010THOM03,hybrid,2363.0,12.84,8.85308803750165,3.9869119624983504
2010THOM03,hybrid,2364.0,10.15,8.852802007874562,1.2971979921254384
2010THOM03,hybrid,2365.0,14.83,8.852516138822246,5.977483861177754
2010THOM03,hybrid,2366.0,7.17,8.852230430186717,-1.682230430186717
2010THOM03,hybrid,2367.0,9.96,8.851944881810212,1.1080551181897889
2010THOM03,hybrid,2368.0,7.34,8.85165949353519,-1.5116594935351895
2010THOM03,hybrid,2369.0,7.73,8.851374265204331,-1.1213742652043308
2010THOM03,hybrid,2370.0,9.15,8.851089196660537,0.2989108033394636
2010THOM03,hybrid,2371.0,10.06,8.850804287746932,1.2091957122530683
2010THOM03,hybrid,2372.0,6.51,8.850519538306855,-2.3405195383068556
2010THOM03,hybrid,2373.0,8.99,8.85023494818387,0.13976505181613064
2010THOM03,hybrid,2374.0,6.83,8.849950517221757,-2.0199505172217567
2010THOM03,hybrid,2375.0,8.87,8.849666245264517,0.020333754735482046
2010THOM03,hybrid,2376.0,8.58,8.849382132156368,-0.26938213215636786
2010THOM03,hybrid,2377.0,9.0,8.849098177741745,0.15090182225825544
2010THOM03,hybrid,2378.0,9.84,8.848814381865305,0.9911856181346952
2010THOM03,hybrid,2379.0,12.51,8.848530744371917,3.6614692556280826
2010THOM03,hybrid,2380.0,11.51,8.848247265106673,2.6617527348933265
2010THOM03,hybrid,2381.0,11.29,8.847963943914877,2.442036056085122
2010THOM03,hybrid,2382.0,8.02,8.847680780642047,-0.8276807806420479
2010THOM03,hybrid,2383.0,9.29,8.847397775133924,0.44260222486607503
2010THOM03,hybrid,2384.0,8.04,8.847114927236458,-0.8071149272364586
2010THOM03,hybrid,2385.0,8.06,8.846832236795816,-0.7868322367958154
2010THOM03,hybrid,2386.0,9.85,8.846549703658383,1.003450296341617
2010THOM03,hybrid,2387.0,10.52,8.84626732767075,1.6737326723292494
2010THOM03,hybrid,2388.0,6.69,8.845985108679733,-2.155985108679732
2010THOM03,hybrid,2389.0,8.54,8.845703046532348,-0.3057030465323489
2010THOM03,hybrid,2390.0,9.21,8.845421141075837,0.36457885892416364
2010THOM03,hybrid,2391.0,11.21,8.845139392157646,2.3648606078423544
2010THOM03,hybrid,2392.0,11.61,8.844857799625437,2.7651422003745623
2010THOM03,hybrid,2393.0,10.39,8.844576363327084,1.5454236366729166
2010THOM03,hybrid,2394.0,9.21,8.84429508311067,0.3657049168893316
2010THOM03,hybrid,2395.0,11.32,8.844013958824487,2.4759860411755135
2010THOM03,hybrid,2396.0,10.07,8.843732990317047,1.226267009682953
2010THOM03,hybrid,2397.0,8.18,8.843452177437065,-0.6634521774370654
2010THOM03,hybrid,2398.0,8.68,8.843171520033467,-0.16317152003346713
2010THOM03,hybrid,2399.0,9.5,8.842891017955388,0.6571089820446119
2010THOM03,hybrid,2400.0,6.2,8.842610671052174,-2.642610671052174
2010THOM03,hybrid,2401.0,9.9,8.84233047917338,1.0576695208266198
2010THOM03,hybrid,2402.0,9.18,8.84205044216877,0.33794955783123015
2010THOM03,hybrid,2403.0,8.69,8.84177055988831,-0.15177055988831079
2010THOM03,hybrid,2404.0,13.7,8.841490832182181,4.858509167817818
2010THOM03,hybrid,2405.0,9.73,8.841211258900767,0.8887887410992334
2010THOM03,hybrid,2406.0,7.88,8.840931839894663,-0.9609318398946636
2010THOM03,hybrid,2407.0,10.85,8.840652575014667,2.0093474249853323
2010THOM03,hybrid,2408.0,10.59,8.840373464111785,1.7496265358882148
2010THOM03,hybrid,2409.0,10.15,8.840094507037227,1.3099054929627734
2010THOM03,hybrid,2410.0,9.35,8.83981570364241,0.5101842963575898
2010THOM03,hybrid,2411.0,9.23,8.839537053778955,0.3904629462210458
2010THOM03,hybrid,2412.0,7.59,8.83925855729869,-1.24925855729869
2010THOM03,hybrid,2413.0,9.69,8.838980214053645,0.8510197859463542
2010THOM03,hybrid,2414.0,8.57,8.838702023896055,-0.26870202389605424
2010THOM03,hybrid,2415.0,7.9,8.838423986678357,-0.938423986678357
2010THOM03,hybrid,2416.0,7.91,8.838146102253196,-0.928146102253196
2010THOM03,hybrid,2417.0,7.71,8.837868370473414,-1.127868370473414
2010THOM03,hybrid,2418.0,10.98,8.83759079119206,2.1424092088079405
2010THOM03,hybrid,2419.0,9.55,8.837313364262378,0.7126866357376223
2010THOM03,hybrid,2420.0,10.81,8.837036089537825,1.972963910462175
2010THOM03,hybrid,2421.0,8.12,8.836758966872054,-0.7167589668720549
2010THOM03,hybrid,2422.0,8.68,8.836481996118913,-0.156481996118913
2010THOM03,hybrid,2423.0,11.64,8.836205177132461,2.8037948228675393
2010THOM03,hybrid,2424.0,7.99,8.835928509766951,-0.8459285097669511
2010THOM03,hybrid,2425.0,8.17,8.835651993876837,-0.6656519938768373
2010THOM03,hybrid,2426.0,10.19,8.835375629316776,1.354624370683224
2010THOM03,hybrid,2427.0,10.33,8.83509941594162,1.4949005840583798
2010THOM03,hybrid,2428.0,9.29,8.83482335360642,0.45517664639357847
2010THOM03,hybrid,2429.0,9.2,8.834547442166432,0.3654525578335672
2010THOM03,hybrid,2430.0,7.45,8.834271681477102,-1.3842716814771014
2010THOM03,hybrid,2431.0,8.85,8.833996071394077,0.01600392860592237
2010THOM03,hybrid,2432.0,9.66,8.833720611773202,0.8262793882267978
2010THOM03,hybrid,2433.0,8.05,8.833445302470523,-0.7834453024705219
2010THOM03,hybrid,2434.0,7.62,8.833170143342272,-1.2131701433422721
2010THOM03,hybrid,2435.0,9.0,8.832895134244891,0.16710486575510863
2010THOM03,hybrid,2436.0,8.79,8.832620275035008,-0.042620275035009314
2010THOM03,hybrid,2437.0,8.71,8.832345565569451,-0.12234556556945009
2010THOM03,hybrid,2438.0,7.48,8.832071005705243,-1.352071005705243
2010THOM03,hybrid,2439.0,8.07,8.8317965952996,-0.7617965952996002
2010THOM03,hybrid,2440.0,10.52,8.83152233420994,1.6884776657900602
2010THOM03,hybrid,2441.0,8.36,8.831248222293864,-0.4712482222938643
2010THOM03,hybrid,2442.0,10.38,8.830974259409174,1.5490257405908263
2010THOM03,hybrid,2443.0,10.13,8.83070044541387,1.2992995545861312
2010THOM03,hybrid,2444.0,8.45,8.830426780166134,-0.3804267801661343
2010THOM03,hybrid,2445.0,7.61,8.830153263524348,-1.220153263524348
2010THOM03,hybrid,2446.0,7.42,8.829879895347089,-1.409879895347089
2010THOM03,hybrid,2447.0,6.94,8.829606675493121,-1.8896066754931207
2010THOM03,hybrid,2448.0,9.08,8.829333603821402,0.2506663961785982
2010THOM03,hybrid,2449.0,8.7,8.829060680191082,-0.12906068019108297
2010THOM03,hybrid,2450.0,9.18,8.828787904461503,0.3512120955384965
2010THOM03,hybrid,2451.0,9.29,8.828515276492196,0.46148472350780345
2010THOM03,hybrid,2452.0,7.87,8.828242796142884,-0.9582427961428843
2010THOM03,hybrid,2453.0,8.32,8.82797046327348,-0.5079704632734803
2010THOM03,hybrid,2454.0,12.4,8.82769827774409,3.5723017222559097
2010THOM03,hybrid,2455.0,10.25,8.827426239415002,1.4225737605849975
2010THOM03,hybrid,2456.0,8.11,8.827154348146703,-0.7171543481467033
2010THOM03,hybrid,2457.0,10.48,8.82688260379986,1.653117396200141
2010THOM03,hybrid,2458.0,10.32,8.826611006235332,1.4933889937646683
2010THOM03,hybrid,2459.0,8.06,8.82633955531417,-0.7663395553141701
2010THOM03,hybrid,2460.0,7.09,8.82606825089761,-1.7360682508976097
2010THOM03,hybrid,2461.0,10.36,8.825797092847074,1.5342029071529257
2010THOM03,hybrid,2462.0,11.99,8.825526081024172,3.164473918975828
2010THOM03,hybrid,2463.0,9.21,8.825255215290703,0.38474478470929796
2010THOM03,hybrid,2464.0,14.83,8.824984495508653,6.005015504491347
2010THOM03,hybrid,2465.0,7.94,8.82471392154019,-0.8847139215401905
2010THOM03,hybrid,2466.0,9.7,8.824443493247674,0.875556506752325
2010THOM03,hybrid,2467.0,10.99,8.824173210493647,2.1658267895063528
2010THOM03,hybrid,2468.0,10.56,8.823903073140833,1.736096926859167
2010THOM03,hybrid,2469.0,9.36,8.82363308105215,0.5363669189478486
2010THOM03,hybrid,2470.0,10.92,8.823363234090694,2.096636765909306
2010THOM03,hybrid,2471.0,8.64,8.823093532119746,-0.1830935321197451
2010THOM03,hybrid,2472.0,7.69,8.822823975002771,-1.132823975002771
2010THOM03,hybrid,2473.0,8.11,8.822554562603422,-0.7125545626034224
2010THOM03,hybrid,2474.0,8.46,8.82228529478553,-0.3622852947855293
2010THOM03,hybrid,2475.0,8.39,8.822016171413111,-0.43201617141311033
2010THOM03,hybrid,2476.0,9.67,8.821747192350367,0.848252807649633
2010THOM03,hybrid,2477.0,9.21,8.821478357461677,0.3885216425383238
2010THOM03,hybrid,2478.0,8.55,8.821209666611605,-0.27120966661160395
2010THOM03,hybrid,2479.0,8.9,8.820941119664898,0.07905888033510244
2010THOM03,hybrid,2480.0,7.45,8.82067271648648,-1.3706727164864807
2010THOM03,hybrid,2481.0,9.99,8.820404456941462,1.1695955430585379
2010THOM03,hybrid,2482.0,12.17,8.820136340895132,3.3498636591048676
2010THOM03,hybrid,2483.0,8.33,8.819868368212962,-0.48986836821296187
2010THOM03,hybrid,2484.0,7.69,8.819600538760596,-1.129600538760596
2010THOM03,hybrid,2485.0,9.73,8.819332852403871,0.9106671475961292
2010THOM03,hybrid,2486.0,9.3,8.81906530900879,0.48093469099121045
2010THOM03,hybrid,2487.0,12.39,8.818797908441546,3.5712020915584546
2010THOM03,hybrid,2488.0,9.53,8.818530650568505,0.7114693494314945
2010THOM03,hybrid,2489.0,11.03,8.818263535256213,2.2117364647437867
2010THOM03,hybrid,2490.0,9.64,8.817996562371395,0.8220034376286058
2010THOM03,hybrid,2491.0,7.8,8.817729731780954,-1.0177297317809542
2010THOM03,hybrid,2492.0,13.66,8.817463043351971,4.842536956648029
2010THOM03,hybrid,2493.0,7.25,8.817196496951702,-1.567196496951702
2010THOM03,hybrid,2494.0,9.88,8.816930092447585,1.063069907552416
2010THOM03,hybrid,2495.0,7.54,8.81666382970723,-1.2766638297072292
2010THOM03,hybrid,2496.0,9.64,8.816397708598426,0.8236022914015741
2010THOM03,hybrid,2497.0,8.63,8.816131728989136,-0.18613172898913533
2010THOM03,hybrid,2498.0,10.63,8.815865890747503,1.8141341092524979
2010THOM03,hybrid,2499.0,9.54,8.815600193741844,0.7243998062581554
2010THOM03,hybrid,2500.0,9.25,8.815334637840646,0.4346653621593539
2010THOM03,hybrid,2501.0,9.62,8.81506922291258,0.804930777087419
2010THOM03,hybrid,2502.0,8.88,8.814803948826484,0.06519605117351723
2010THOM03,hybrid,2503.0,6.61,8.814538815451373,-2.2045388154513725
2010THOM03,hybrid,2504.0,9.97,8.814273822656439,1.1557261773435616
2010THOM03,hybrid,2505.0,10.09,8.814008970311045,1.2759910296889547
2010THOM03,hybrid,2506.0,7.67,8.813744258284727,-1.1437442582847268
2010THOM03,hybrid,2507.0,8.17,8.813479686447195,-0.6434796864471952
2010THOM03,hybrid,2508.0,9.7,8.813215254668332,0.8867847453316671
2010THOM03,hybrid,2509.0,8.94,8.812950962818196,0.12704903718180383
2010THOM03,hybrid,2510.0,7.55,8.81268681076701,-1.2626868107670104
2010THOM03,hybrid,2511.0,8.22,8.812422798385178,-0.5924227983851775
2010THOM03,hybrid,2512.0,10.14,8.812158925543269,1.3278410744567317
2010THOM03,hybrid,2513.0,7.57,8.811895192112026,-1.2418951921120254
2010THOM03,hybrid,2514.0,7.57,8.811631597962364,-1.241631597962364
2010THOM03,hybrid,2515.0,8.61,8.81136814296537,-0.20136814296536976
2010THOM03,hybrid,2516.0,10.92,8.811104826992294,2.1088951730077063
2010THOM03,hybrid,2517.0,8.92,8.810841649914565,0.10915835008543517
2010THOM03,hybrid,2518.0,11.21,8.810578611603777,2.399421388396224
2010THOM03,hybrid,2519.0,8.52,8.810315711931697,-0.29031571193169725
2010THOM03,hybrid,2520.0,8.82,8.810052950770258,0.009947049229742433
2010THOM03,hybrid,2521.0,9.06,8.809790327991564,0.25020967200843636
2010THOM03,hybrid,2522.0,7.51,8.809527843467887,-1.299527843467887
2010THOM03,hybrid,2523.0,7.52,8.809265497071667,-1.2892654970716677
2010THOM03,hybrid,2524.0,11.73,8.809003288675516,2.9209967113244844
2010THOM03,hybrid,2525.0,8.6,8.808741218152207,-0.20874121815220725
2010THOM03,hybrid,2526.0,6.53,8.808479285374688,-2.2784792853746874
2010THOM03,hybrid,2527.0,9.95,8.808217490216068,1.1417825097839316
2010THOM03,hybrid,2528.0,9.99,8.807955832549627,1.182044167450373
2010THOM03,hybrid,2529.0,9.24,8.80769431224881,0.4323056877511906
2010THOM03,hybrid,2530.0,8.55,8.80743292918723,-0.25743292918722993
2010THOM03,hybrid,2531.0,8.84,8.807171683238666,0.03282831676133391
2010THOM03,hybrid,2532.0,10.23,8.80691057427706,1.4230894257229405
2010THOM03,hybrid,2533.0,9.83,8.806649602176522,1.023350397823478
2010THOM03,hybrid,2534.0,8.73,8.80638876681133,-0.07638876681132878
2010THOM03,hybrid,2535.0,8.06,8.80612806805592,-0.7461280680559188
2010THOM03,hybrid,2536.0,7.41,8.805867505784898,-1.3958675057848975
2010THOM03,hybrid,2537.0,12.54,8.805607079873036,3.734392920126963
2010THOM03,hybrid,2538.0,10.37,8.805346790195266,1.5646532098047334
2010THOM03,hybrid,2539.0,12.29,8.805086636626685,3.4849133633733143
2010THOM03,hybrid,2540.0,11.56,8.804826619042554,2.755173380957446
2010THOM03,hybrid,2541.0,7.81,8.8045667373183,-0.9945667373183005
2010THOM03,hybrid,2542.0,8.46,8.804306991329508,-0.34430699132950693
2010THOM03,hybrid,2543.0,8.1,8.804047380951928,-0.7040473809519288
2010THOM03,hybrid,2544.0,9.58,8.803787906061476,0.7762120939385238
2010THOM03,hybrid,2545.0,7.25,8.803528566534226,-1.5535285665342258
2010THOM03,hybrid,2546.0,7.26,8.803269362246413,-1.5432693622464129
2010THOM03,hybrid,2547.0,9.01,8.80301029307444,0.20698970692555996
2010THOM03,hybrid,2548.0,10.83,8.802751358894863,2.027248641105137
2010THOM03,hybrid,2549.0,8.88,8.802492559584406,0.07750744041559443
2010THOM03,hybrid,2550.0,8.78,8.802233895019953,-0.02223389501995321
2010THOM03,hybrid,2551.0,9.36,8.801975365078544,0.5580246349214555
2010THOM03,hybrid,2552.0,10.84,8.801716969637384,2.0382830303626154
2010THOM03,hybrid,2553.0,9.6,8.801458708573836,0.7985412914261634
2010THOM03,hybrid,2554.0,12.19,8.801200581765425,3.3887994182345746
2010THOM03,hybrid,2555.0,8.28,8.800942589089832,-0.5209425890898327
2010THOM03,hybrid,2556.0,7.07,8.800684730424898,-1.7306847304248976
2010THOM03,hybrid,2557.0,9.75,8.800427005648626,0.9495729943513744
2010THOM03,hybrid,2558.0,8.53,8.800169414639175,-0.27016941463917554
2010THOM03,hybrid,2559.0,12.73,8.799911957274864,3.930088042725137
2010THOM03,hybrid,2560.0,10.09,8.799654633434168,1.2903453665658322
2010THOM03,hybrid,2561.0,8.3,8.799397442995723,-0.499397442995722
2010THOM03,hybrid,2562.0,9.73,8.799140385838317,0.9308596141616832
2010THOM03,hybrid,2563.0,8.57,8.798883461840905,-0.2288834618409048
2010THOM03,hybrid,2564.0,10.36,8.79862667088259,1.5613733291174086
2010THOM03,hybrid,2565.0,9.23,8.79837001284264,0.43162998715736123
2010THOM03,hybrid,2566.0,9.43,8.798113487600467,0.6318865123995323
2010THOM03,hybrid,2567.0,8.64,8.797857095035653,-0.15785709503565215
2010THOM03,hybrid,2568.0,8.69,8.797600835027929,-0.10760083502792916
2010THOM03,hybrid,2569.0,10.44,8.797344707457182,1.642655292542818
2010THOM03,hybrid,2570.0,10.22,8.797088712203456,1.4229112877965449
2010THOM03,hybrid,2571.0,8.29,8.79683284914695,-0.5068328491469511
2010THOM03,hybrid,2572.0,10.88,8.79657711816802,2.0834228818319804
2010THOM03,hybrid,2573.0,8.92,8.79632151914717,0.12367848085282951
2010THOM03,hybrid,2574.0,7.69,8.79606605196507,-1.1060660519650698
2010THOM03,hybrid,2575.0,11.39,8.79581071650253,2.594189283497471
2010THOM03,hybrid,2576.0,7.41,8.795555512640526,-1.3855555126405257
2010THOM03,hybrid,2577.0,8.45,8.795300440260183,-0.3453004402601838
2010THOM03,hybrid,2578.0,9.36,8.795045499242777,0.5649545007572225
2010THOM03,hybrid,2579.0,16.56,8.79479068946974,7.765209310530258
2010THOM03,hybrid,2580.0,8.93,8.794536010822661,0.13546398917733882
2010THOM03,hybrid,2581.0,7.14,8.794281463183273,-1.6542814631832732
2010THOM03,hybrid,2582.0,8.51,8.794027046433467,-0.2840270464334669
2010THOM03,hybrid,2583.0,8.98,8.793772760455283,0.1862272395447171
2010THOM03,hybrid,2584.0,10.96,8.793518605130918,2.1664813948690824
2010THOM03,hybrid,2585.0,10.83,8.793264580342717,2.0367354196572833
2010THOM03,hybrid,2586.0,8.61,8.793010685973176,-0.18301068597317638
2010THOM03,hybrid,2587.0,8.69,8.792756921904942,-0.1027569219049429
2010THOM03,hybrid,2588.0,9.91,8.792503288020816,1.117496711979184
2010THOM03,hybrid,2589.0,7.48,8.792249784203747,-1.3122497842037468
2010THOM03,hybrid,2590.0,9.56,8.791996410336836,0.7680035896631647
2010THOM03,hybrid,2591.0,9.51,8.79174316630333,0.7182568336966693
2010THOM03,hybrid,2592.0,8.41,8.791490051986633,-0.3814900519866331
2010THOM03,hybrid,2593.0,7.37,8.791237067270295,-1.4212370672702948
2010THOM03,hybrid,2594.0,7.22,8.79098421203801,-1.5709842120380104
2010THOM03,hybrid,2595.0,10.17,8.79073148617363,1.3792685138263696
2010THOM03,hybrid,2596.0,9.82,8.790478889561154,1.0295211104388464
2010THOM03,hybrid,2597.0,12.09,8.790226422084725,3.299773577915275
2010THOM03,hybrid,2598.0,7.39,8.789974083628637,-1.3999740836286376
2010THOM03,hybrid,2599.0,8.6,8.789721874077333,-0.18972187407733365
2010THOM03,hybrid,2600.0,8.46,8.789469793315405,-0.32946979331540405
2010THOM03,hybrid,2601.0,9.99,8.789217841227588,1.2007821587724123
2010THOM03,hybrid,2602.0,7.46,8.78896601769877,-1.3289660176987708
2010THOM03,hybrid,2603.0,8.72,8.788714322613982,-0.0687143226139817
2010THOM03,hybrid,2604.0,8.52,8.788462755858404,-0.26846275585840473
2010THOM03,hybrid,2605.0,11.78,8.788211317317364,2.9917886826826354
2010THOM03,hybrid,2606.0,9.48,8.787960006876332,0.692039993123668
2010THOM03,hybrid,2607.0,9.83,8.787708824420928,1.0422911755790718
2010THOM03,hybrid,2608.0,6.53,8.787457769836916,-2.2574577698369156
2010THOM03,hybrid,2609.0,7.63,8.787206843010209,-1.1572068430102087
2010THOM03,hybrid,2610.0,7.8,8.786956043826859,-0.9869560438268588
2010THOM03,hybrid,2611.0,10.1,8.786705372173069,1.3132946278269308
2010THOM03,hybrid,2612.0,8.46,8.786454827935186,-0.3264548279351853
2010THOM03,hybrid,2613.0,9.51,8.786204410999702,0.7237955890002983
2010THOM03,hybrid,2614.0,11.23,8.78595412125325,2.444045878746751
2010THOM03,hybrid,2615.0,8.09,8.78570395858261,-0.6957039585826106
2010THOM03,hybrid,2616.0,7.27,8.785453922874707,-1.5154539228747073
2010THOM03,hybrid,2617.0,8.69,8.785204014016609,-0.09520401401660905
2010THOM03,hybrid,2618.0,7.46,8.784954231895524,-1.324954231895524
2010THOM03,hybrid,2619.0,8.12,8.78470457639881,-0.66470457639881
2010THOM03,hybrid,2620.0,7.67,8.784455047413962,-1.114455047413962
2010THOM03,hybrid,2621.0,7.57,8.784205644828623,-1.2142056448286223
2010THOM03,hybrid,2622.0,8.47,8.783956368530571,-0.31395636853057063
2010THOM03,hybrid,2623.0,8.31,8.783707218407738,-0.47370721840773733
2010THOM03,hybrid,2624.0,7.69,8.783458194348187,-1.0934581943481865
2010THOM03,hybrid,2625.0,7.76,8.783209296240129,-1.023209296240129
2010THOM03,hybrid,2626.0,11.27,8.782960523971916,2.487039476028084
2010THOM03,hybrid,2627.0,7.2,8.782711877432037,-1.582711877432037
2010THOM03,hybrid,2628.0,7.42,8.78246335650913,-1.3624633565091298
2010THOM03,hybrid,2629.0,9.08,8.782214961091965,0.2977850389080352
2010THOM03,hybrid,2630.0,8.31,8.781966691069462,-0.4719666910694613
2010THOM03,hybrid,2631.0,11.28,8.781718546330675,2.4982814536693247
2010THOM03,hybrid,2632.0,8.5,8.7814705267648,-0.28147052676479944
2010THOM03,hybrid,2633.0,8.52,8.781222632261173,-0.26122263226117326
2010THOM03,hybrid,2634.0,8.34,8.78097486270927,-0.44097486270927
2010THOM03,hybrid,2635.0,8.37,8.780727217998708,-0.4107272179987085
2010THOM03,hybrid,2636.0,8.65,8.780479698019242,-0.13047969801924175
2010THOM03,hybrid,2637.0,8.76,8.780232302660764,-0.020232302660764034
2010THOM03,hybrid,2638.0,7.56,8.77998503181331,-1.2199850318133096
2010THOM03,hybrid,2639.0,10.6,8.779737885367048,1.8202621146329516
2010THOM03,hybrid,2640.0,7.9,8.779490863212292,-0.8794908632122915
2010THOM03,hybrid,2641.0,10.05,8.77924396523949,1.2707560347605114
2010THOM03,hybrid,2642.0,8.36,8.778997191339226,-0.4189971913392263
2010THOM03,hybrid,2643.0,10.24,8.778750541402225,1.4612494585977753
2010THOM03,hybrid,2644.0,9.45,8.77850401531935,0.6714959846806501
2010THOM03,hybrid,2645.0,9.13,8.778257612981598,0.3517423870184029
2010THOM03,hybrid,2646.0,9.05,8.778011334280105,0.27198866571989555
2010THOM03,hybrid,2647.0,9.65,8.777765179106147,0.8722348208938531
2010THOM03,hybrid,2648.0,7.96,8.777519147351132,-0.8175191473511321
2010THOM03,hybrid,2649.0,8.65,8.777273238906607,-0.12727323890660713
2010THOM03,hybrid,2650.0,10.83,8.777027453664251,2.0529725463357487
2010THOM03,hybrid,2651.0,7.59,8.776781791515885,-1.1867817915158856
2010THOM03,hybrid,2652.0,8.41,8.776536252353464,-0.3665362523534643
2010THOM03,hybrid,2653.0,9.63,8.776290836069075,0.853709163930926
2010THOM03,hybrid,2654.0,10.83,8.776045542554943,2.053954457445057
2010THOM03,hybrid,2655.0,11.29,8.77580037170343,2.51419962829657
2010THOM03,hybrid,2656.0,7.07,8.775555323407028,-1.7055553234070278
2010THOM03,hybrid,2657.0,9.79,8.77531039755837,1.0146896024416296
2010THOM03,hybrid,2658.0,8.53,8.775065594050215,-0.24506559405021555
2010THOM03,hybrid,2659.0,10.11,8.774820912775466,1.3351790872245335
2010THOM03,hybrid,2660.0,7.72,8.774576353627152,-1.0545763536271524
2010THOM03,hybrid,2661.0,8.12,8.77433191649844,-0.6543319164984407
2010THOM03,hybrid,2662.0,8.32,8.77408760128263,-0.45408760128263026
2010THOM03,hybrid,2663.0,7.58,8.773843407873153,-1.1938434078731532
2010THOM03,hybrid,2664.0,9.33,8.773599336163576,0.5564006638364241
2010THOM03,hybrid,2665.0,8.81,8.773355386047598,0.036644613952402594
2010THOM03,hybrid,2666.0,7.76,8.773111557419051,-1.0131115574190517
2010THOM03,hybrid,2667.0,9.67,8.772867850171897,0.8971321498281029
2010THOM03,hybrid,2668.0,8.91,8.772624264200234,0.13737573579976647
2010THOM03,hybrid,2669.0,7.92,8.77238079939829,-0.8523807993982899
2010THOM03,hybrid,2670.0,8.01,8.772137455660424,-0.7621374556604241
2010THOM03,hybrid,2671.0,7.87,8.77189423288113,-0.901894232881129
2010THOM03,hybrid,2672.0,8.56,8.771651130955028,-0.21165113095502797
2010THOM03,hybrid,2673.0,10.53,8.771408149776875,1.7585918502231248
2010THOM03,hybrid,2674.0,7.04,8.771165289241555,-1.731165289241555
2010THOM03,hybrid,2675.0,9.79,8.770922549244085,1.0190774507559137
2010THOM03,hybrid,2676.0,7.93,8.770679929679613,-0.840679929679613
2010THOM03,hybrid,2677.0,7.46,8.770437430443412,-1.3104374304434119
2010THOM03,hybrid,2678.0,8.54,8.77019505143089,-0.2301950514308917
2010THOM03,hybrid,2679.0,7.26,8.769952792537588,-1.5099527925375877
2010THOM03,hybrid,2680.0,8.14,8.76971065365917,-0.6297106536591688
2010THOM03,hybrid,2681.0,7.03,8.76946863469143,-1.7394686346914296
2010THOM03,hybrid,2682.0,7.47,8.7692267355303,-1.2992267355302998
2010THOM03,hybrid,2683.0,8.56,8.768984956071828,-0.2089849560718271
2010THOM03,hybrid,2684.0,7.81,8.7687432962122,-0.9587432962122007
2010THOM03,hybrid,2685.0,8.7,8.76850175584773,-0.06850175584773055
2010THOM03,hybrid,2686.0,7.53,8.768260334874856,-1.2382603348748562
2010THOM03,hybrid,2687.0,7.82,8.76801903319015,-0.9480190331901497
2010THOM03,hybrid,2688.0,9.95,8.767777850690308,1.1822221493096912
2010THOM03,hybrid,2689.0,10.91,8.767536787272153,2.142463212727847
2010THOM03,hybrid,2690.0,9.55,8.767295842832638,0.7827041571673625
2010THOM03,hybrid,2691.0,8.04,8.767055017268845,-0.7270550172688459
2010THOM03,hybrid,2692.0,7.57,8.76681431047798,-1.1968143104779791
2010THOM03,hybrid,2693.0,13.17,8.766573722357377,4.403426277642623
2010THOM03,hybrid,2694.0,6.98,8.766333252804497,-1.7863332528044964
2010THOM03,hybrid,2695.0,11.39,8.766092901716927,2.6239070982830732
2010THOM03,hybrid,2696.0,7.78,8.765852668992384,-0.9858526689923837
2010THOM03,hybrid,2697.0,8.11,8.765612554528705,-0.6556125545287053
2010THOM03,hybrid,2698.0,7.49,8.765372558223858,-1.2753725582238573
2010THOM03,hybrid,2699.0,8.23,8.765132679975933,-0.5351326799759324
2010THOM03,hybrid,2700.0,14.32,8.76489291968315,5.55510708031685
2010THOM03,hybrid,2701.0,8.07,8.764653277243854,-0.6946532772438534
2010THOM03,hybrid,2702.0,9.08,8.764413752556509,0.3155862474434912
2010THOM03,hybrid,2703.0,8.36,8.764174345519711,-0.40417434551971176
2010THOM03,hybrid,2704.0,6.49,8.763935056032176,-2.273935056032176
2010THOM03,hybrid,2705.0,8.05,8.76369588399275,-0.7136958839927487
2010THOM03,hybrid,2706.0,6.86,8.763456829300399,-1.9034568293003984
2010THOM03,hybrid,2707.0,7.41,8.763217891854211,-1.3532178918542108
2010THOM03,hybrid,2708.0,8.02,8.762979071553405,-0.742979071553405
2010THOM03,hybrid,2709.0,7.83,8.76274036829732,-0.9327403682973205
2010THOM03,hybrid,2710.0,13.1,8.762501781985417,4.3374982180145825
2010THOM03,hybrid,2711.0,9.57,8.762263312517284,0.8077366874827163
2010THOM03,hybrid,2712.0,7.71,8.76202495979263,-1.0520249597926297
2010THOM03,hybrid,2713.0,8.54,8.761786723711287,-0.22178672371128805
2010THOM03,hybrid,2714.0,9.32,8.76154860417321,0.5584513958267898
2010THOM03,hybrid,2715.0,10.13,8.761310601078478,1.3686893989215232
2010THOM03,hybrid,2716.0,9.55,8.761072714327291,0.7889272856727096
2010THOM03,hybrid,2717.0,9.74,8.76083494381997,0.9791650561800296
2010THOM03,hybrid,2718.0,9.55,8.760597289456962,0.7894027105430386
2010THOM03,hybrid,2719.0,8.16,8.760359751138832,-0.6003597511388321
2010THOM03,hybrid,2720.0,10.23,8.760122328766268,1.469877671233732
2010THOM03,hybrid,2721.0,7.96,8.75988502224008,-0.7998850222400806
2010THOM03,hybrid,2722.0,7.8,8.759647831461201,-0.9596478314612016
2010THOM03,hybrid,2723.0,11.26,8.75941075633068,2.500589243669319
2010THOM03,hybrid,2724.0,9.65,8.75917379674969,0.8908262032503096
2010THOM03,hybrid,2725.0,8.2,8.758936952619527,-0.5589369526195274
2010THOM03,hybrid,2726.0,11.37,8.758700223841602,2.611299776158397
2010THOM03,hybrid,2727.0,9.72,8.75846361031745,0.96153638968255
2010THOM03,hybrid,2728.0,9.31,8.75822711194873,0.5517728880512713
2010THOM03,hybrid,2729.0,8.06,8.757990728637209,-0.6979907286372082
2010THOM03,hybrid,2730.0,7.92,8.757754460284785,-0.8377544602847848
2010THOM03,hybrid,2731.0,8.42,8.757518306793472,-0.3375183067934717
2010THOM03,hybrid,2732.0,8.88,8.757282268065403,0.122717731934598
2010THOM03,hybrid,2733.0,9.3,8.757046344002827,0.5429536559971737
2010THOM03,hybrid,2734.0,9.53,8.756810534508121,0.7731894654918783
2010THOM03,hybrid,2735.0,8.35,8.75657483948377,-0.4065748394837705
2010THOM03,hybrid,2736.0,7.66,8.756339258832384,-1.0963392588323835
2010THOM03,hybrid,2737.0,9.18,8.756103792456692,0.4238962075433079
2010THOM03,hybrid,2738.0,7.26,8.755868440259537,-1.495868440259537
2010THOM03,hybrid,2739.0,8.7,8.755633202143882,-0.05563320214388234
2010THOM03,hybrid,2740.0,9.54,8.75539807801281,0.7846019219871891
2010THOM03,hybrid,2741.0,8.1,8.755163067769518,-0.6551630677695179
2010THOM03,hybrid,2742.0,8.26,8.754928171317324,-0.4949281713173246
2010THOM03,hybrid,2743.0,5.2,8.75469338855966,-3.5546933885596603
2010THOM03,hybrid,2744.0,8.34,8.754458719400077,-0.41445871940007706
2010THOM03,hybrid,2745.0,7.28,8.754224163742244,-1.4742241637422433
2010THOM03,hybrid,2746.0,7.78,8.753989721489944,-0.9739897214899438
2010THOM03,hybrid,2747.0,8.33,8.75375539254708,-0.42375539254707917
2010THOM03,hybrid,2748.0,9.47,8.753521176817664,0.7164788231823369
2010THOM03,hybrid,2749.0,7.76,8.753287074205836,-0.9932870742058366
2010THOM03,hybrid,2750.0,9.1,8.753053084615843,0.3469469153841569
2010THOM03,hybrid,2751.0,8.33,8.752819207952049,-0.42281920795204897
2010THOM03,hybrid,2752.0,11.11,8.752585444118935,2.357414555881064
2010THOM03,hybrid,2753.0,8.42,8.7523517930211,-0.3323517930211004
2010THOM03,hybrid,2754.0,9.73,8.752118254563255,0.9778817454367452
2010THOM03,hybrid,2755.0,7.34,8.751884828650226,-1.4118848286502264
2010THOM03,hybrid,2756.0,9.92,8.751651515186955,1.1683484848130448
2010THOM03,hybrid,2757.0,8.18,8.751418314078498,-0.5714183140784979
2010THOM03,hybrid,2758.0,7.19,8.751185225230028,-1.5611852252300276
2010THOM03,hybrid,2759.0,8.29,8.750952248546827,-0.46095224854682826
2010THOM03,hybrid,2760.0,7.17,8.750719383934298,-1.580719383934298
2010THOM03,hybrid,2761.0,8.43,8.750486631297953,-0.3204866312979533
2010THOM03,hybrid,2762.0,7.94,8.75025399054342,-0.8102539905434201
2010THOM03,hybrid,2763.0,9.01,8.750021461576441,0.25997853842355845
2010THOM03,hybrid,2764.0,8.42,8.74978904430287,-0.3297890443028706
2010THOM03,hybrid,2765.0,11.24,8.749556738628677,2.4904432613713237
2010THOM03,hybrid,2766.0,9.17,8.749324544459938,0.4206754555400618
2010THOM03,hybrid,2767.0,8.26,8.749092461702851,-0.48909246170285137
2010THOM03,hybrid,2768.0,8.03,8.748860490263723,-0.7188604902637241
2010THOM03,hybrid,2769.0,9.52,8.748628630048973,0.7713713699510265
2010THOM03,hybrid,2770.0,7.17,8.748396880965132,-1.5783968809651316
2010THOM03,hybrid,2771.0,9.61,8.748165242918844,0.8618347570811551
2010THOM03,hybrid,2772.0,7.97,8.747933715816867,-0.7779337158168671
2010THOM03,hybrid,2773.0,9.45,8.747702299566068,0.702297700433931
2010THOM03,hybrid,2774.0,12.23,8.747470994073428,3.4825290059265726
2010THOM03,hybrid,2775.0,8.32,8.747239799246037,-0.4272397992460366
2010THOM03,hybrid,2776.0,8.96,8.747008714991097,0.21299128500890419
2010THOM03,hybrid,2777.0,8.18,8.746777741215926,-0.5667777412159261
2010THOM03,hybrid,2778.0,9.51,8.746546877827944,0.7634531221720557
2010THOM03,hybrid,2779.0,8.27,8.74631612473469,-0.47631612473469076
2010THOM03,hybrid,2780.0,7.87,8.746085481843812,-0.8760854818438117
2010THOM03,hybrid,2781.0,8.64,8.745854949063062,-0.10585494906306181
2010THOM03,hybrid,2782.0,9.21,8.745624526300313,0.4643754736996879
2010THOM03,hybrid,2783.0,7.73,8.74539421346354,-1.015394213463539
2010THOM03,hybrid,2784.0,8.84,8.74516401046083,0.09483598953917038
2010THOM03,hybrid,2785.0,10.02,8.744933917200381,1.2750660827996185
2010THOM03,hybrid,2786.0,8.12,8.744703933590502,-0.6247039335905029
2010THOM03,hybrid,2787.0,11.25,8.744474059539607,2.5055259404603927
2010THOM03,hybrid,2788.0,9.38,8.744244294956223,0.6357557050437777
2010THOM03,hybrid,2789.0,11.51,8.744014639748986,2.7659853602510136
2010THOM03,hybrid,2790.0,7.62,8.743785093826638,-1.1237850938266378
2010THOM03,hybrid,2791.0,8.49,8.743555657098034,-0.2535556570980333
2010THOM03,hybrid,2792.0,8.93,8.743326329472135,0.1866736705278651
2010THOM03,hybrid,2793.0,8.51,8.74309711085801,-0.23309711085800977
2010THOM03,hybrid,2794.0,10.01,8.742868001164837,1.267131998835163
2010THOM03,hybrid,2795.0,8.49,8.742639000301903,-0.2526390003019028
2010THOM03,hybrid,2796.0,10.82,8.742410108178605,2.077589891821395
2010THOM03,hybrid,2797.0,10.83,8.742181324704442,2.0878186752955585
2010THOM03,hybrid,2798.0,10.38,8.741952649789024,1.638047350210977
2010THOM03,hybrid,2799.0,8.69,8.741724083342069,-0.05172408334206935
2010THOM03,hybrid,2800.0,12.5,8.741495625273402,3.7585043747265985
2010THOM03,hybrid,2801.0,7.34,8.741267275492955,-1.4012672754929554
2010THOM03,hybrid,2802.0,8.02,8.741039033910766,-0.7210390339107668
2010THOM03,hybrid,2803.0,6.81,8.740810900436982,-1.930810900436982
2010THOM03,hybrid,2804.0,11.55,8.740582874981852,2.8094171250181486
2010THOM03,hybrid,2805.0,7.87,8.740354957455738,-0.8703549574557377
2010THOM03,hybrid,2806.0,9.86,8.740127147769103,1.1198728522308965
2010THOM03,hybrid,2807.0,5.82,8.739899445832519,-2.9198994458325185
2010THOM03,hybrid,2808.0,7.71,8.739671851556661,-1.0296718515566612
2010THOM03,hybrid,2809.0,9.52,8.739444364852316,0.7805556351476834
2010THOM03,hybrid,2810.0,11.89,8.73921698563037,3.1507830143696314
2010THOM03,hybrid,2811.0,9.59,8.738989713801816,0.8510102861981839
2010THOM03,hybrid,2812.0,8.05,8.738762549277757,-0.6887625492777563
2010THOM03,hybrid,2813.0,12.12,8.738535491969394,3.3814645080306054
2010THOM03,hybrid,2814.0,7.86,8.738308541788038,-0.8783085417880381
2010THOM03,hybrid,2815.0,11.89,8.738081698645106,3.151918301354895
2010THOM03,hybrid,2816.0,8.97,8.737854962452113,0.2321450375478875
2010THOM03,hybrid,2817.0,8.9,8.737628333120684,0.16237166687931648
2010THOM03,hybrid,2818.0,8.62,8.737401810562549,-0.11740181056254961
2010THOM03,hybrid,2819.0,8.5,8.737175394689537,-0.23717539468953674
2010THOM03,hybrid,2820.0,7.53,8.736949085413587,-1.2069490854135863
2010THOM03,hybrid,2821.0,8.46,8.736722882646738,-0.2767228826467374
2010THOM03,hybrid,2822.0,8.92,8.736496786301133,0.18350321369886657
2010THOM03,hybrid,2823.0,9.87,8.736270796289022,1.1337292037109776
2010THOM03,hybrid,2824.0,8.89,8.736044912522754,0.15395508747724662
2010THOM03,hybrid,2825.0,8.06,8.735819134914784,-0.675819134914784
2010THOM03,hybrid,2826.0,9.92,8.73559346337767,1.1844065366223298
2010THOM03,hybrid,2827.0,7.42,8.73536789782407,-1.3153678978240695
2010THOM03,hybrid,2828.0,9.03,8.735142438166749,0.2948575618332505
2010THOM03,hybrid,2829.0,8.21,8.734917084318571,-0.5249170843185702
2010THOM03,hybrid,2830.0,9.18,8.734691836192503,0.44530816380749627
2010THOM03,hybrid,2831.0,9.22,8.73446669370162,0.48553330629838065
2010THOM03,hybrid,2832.0,8.36,8.73424165675909,-0.37424165675909116
2010THOM03,hybrid,2833.0,9.51,8.73401672527819,0.7759832747218098
2010THOM03,hybrid,2834.0,9.94,8.733791899172294,1.2062081008277055
2010THOM03,hybrid,2835.0,7.66,8.733567178354882,-1.0735671783548817
2010THOM03,hybrid,2836.0,9.22,8.733342562739534,0.48665743726046706
2010THOM03,hybrid,2837.0,12.79,8.733118052239929,4.05688194776007
2010THOM03,hybrid,2838.0,8.02,8.73289364676985,-0.7128936467698512
2010THOM03,hybrid,2839.0,8.78,8.732669346243181,0.04733065375681811
2010THOM03,hybrid,2840.0,7.75,8.732445150573906,-0.9824451505739056
2010THOM03,hybrid,2841.0,8.33,8.732221059676109,-0.40222105967610844
2010THOM03,hybrid,2842.0,11.49,8.731997073463976,2.758002926536024
2010THOM03,hybrid,2843.0,8.77,8.731773191851792,0.03822680814820778
2010THOM03,hybrid,2844.0,8.44,8.731549414753943,-0.291549414753943
2010THOM03,hybrid,2845.0,10.2,8.731325742084918,1.4686742579150813
2010THOM03,hybrid,2846.0,11.48,8.7311021737593,2.7488978262407002
2010THOM03,hybrid,2847.0,8.93,8.73087870969178,0.19912129030822
2010THOM03,hybrid,2848.0,7.27,8.73065534979714,-1.4606553497971397
